10241
08426
06324
06159
05267
09050
14120
14109
11985
06064
03035
10351
00144
10217
05788
04285
10603
09761
07904
01937
08733
01934
07457
02548
11271
02406
02757
04209
04503
11201
12069
11309
06247
07155
10987
00654
02032
00877
02256
14261
08178
13914
02220
04377
03212
10471
08753
01611
09544
03406
04563
07428
07631
00944
05502
07233
04444
06699
12668
09536
05936
11734
09227
07828
00282
13334
04389
09531
00801
10975
09427
13556
03426
02559
10945
08966
11213
06192
01826
10614
00261
02792
02282
02411
03498
03238
02307
02431
08510
04667
13170
01013
10430
00554
06964
05253
13224
05842
04404
02565
09678
08237
11978
08371
10969
08871
10601
06104
13956
00569
07699
11053
06202
02976
06769
14075
12480
07186
12339
07081
00184
09460
05077
05392
03154
05835
02631
08395
02451
08829
04616
08411
08263
02280
04316
01104
09447
13036
03960
11098
06277
06620
14141
08273
08489
12963
10136
05048
08199
07002
08251
06930
00739
08000
08997
05979
07523
01859
00279
00239
11417
09867
14273
07584
00044
05955
08452
00287
10959
03710
05030
11047
05525
11237
07139
01746
02223
14244
12397
12017
08981
00883
10178
00150
08175
05447
08244
06337
12771
01706
06449
07765
01884
02064
04719
03249
00576
05340
08459
09407
09766
12414
07446
03576
02676
01848
09918
10598
02551
01972
08856
11367
02215
02949
13054
04841
00402
09396
05505
04244
01840
08319
00389
11751
03418
09840
03767
04170
06692
05127
05825
04843
09299
03149
01530
01109
12949
03226
10980
01068
00508
01554
07355
09288
07797
13258
12029
06732
07934
11946
11055
07734
11400
03286
10206
04282
03237
11836
06750
03396
00098
04907
00438
08436
13709
10596
09216
06171
11354
09991
06574
07646
10353
01061
01175
03151
11949
04310
03363
10827
03111
12289
11499
01543
08068
08999
03596
00494
11530
07678
08588
12207
00285
04531
06443
01358
10686
05800
13678
08235
12433
12951
04153
13480
07743
10269
10348
01345
04692
09317
10060
01975
05442
03506
05202
02087
05271
12485
09791
13494
02519
05890
07955
14038
00825
13313
13570
13459
04911
03838
07358
02505
02914
11700
05840
08525
06831
07165
05036
06152
13667
07105
09068
04399
02171
01337
00033
05982
00712
06238
12059
09775
08197
04234
06440
11137
09966
01981
07550
12444
09514
09482
02003
07010
11917
02765
07079
00604
11857
01139
06217
02891
13340
14029
04470
03690
09024
10014
14191
06472
04782
01264
11762
08057
13604
09588
07237
07076
02175
01079
01681
12573
08396
00012
10922
09386
00274
04007
03495
14044
09379
10179
07744
10743
04140
07636
01586
12909
10089
04318
08869
00641
00557
08718
11288
12457
10425
09745
03627
01870
06726
09523
13654
06737
01191
04988
05412
09905
14103
09308
01487
07527
09926
01817
01983
11708
07818
03088
02911
12004
08840
07936
10594
05851
00528
10397
13861
07849
10729
06698
04506
09062
02318
11147
13644
01521
12805
03515
04631
01912
00497
02126
05546
06928
03700
13736
03206
08441
10254
13491
02958
09433
02630
08825
00183
12547
03623
11241
12753
11279
00695
00115
00885
05524
03947
05252
04065
14264
03135
13713
03228
13751
00186
02547
03094
00229
04426
13166
01314
10567
12156
08147
11435
02083
07627
03857
00676
02578
12164
04913
12750
08815
01943
05153
04489
12245
02437
09552
06093
08316
14000
06451
09060
01740
10719
10243
14099
08109
08056
11260
09580
09601
01784
12257
06230
01455
09324
09519
01891
06150
12061
06903
06548
11073
13100
07283
09139
01342
04630
00829
00558
09339
03994
07845
13689
02217
01879
13627
02900
06662
08245
09331
07411
10065
06155
04858
05648
11871
03572
11915
04339
06990
10911
09800
13997
06861
08145
09480
02483
05555
10883
09415
02367
01778
03721
03218
02725
00727
01829
07662
10776
02599
14207
08125
11349
03143
06765
07601
01420
08408
05643
03823
03867
10042
01580
04884
11691
03071
06936
02142
13331
09962
01378
11352
13174
12121
01338
10291
02635
12522
08590
13108
12252
05217
03558
00374
10296
03251
09501
02407
05923
12741
11238
06393
11437
10767
05826
02884
06179
03082
01086
12982
13661
11939
05452
09138
03665
03839
06253
10158
03106
05554
01105
12126
06310
06271
06547
04776
08950
08844
05653
08498
01488
05768
09295
07334
13867
10664
03917
06960
00173
00729
06215
10480
05748
12316
07809
01286
05197
13796
08747
13422
07692
04466
07825
02048
08041
13978
10360
06707
00437
13528
01640
01428
02613
02947
00404
00241
07998
10059
05333
09685
11178
11485
00567
02247
02743
11077
11194
09321
09750
12528
04977
10141
08691
06359
07632
03633
01849
10810
05674
11834
01794
05115
12684
05673
07693
08961
04225
12041
03550
07142
12612
12557
01381
11458
04627
07824
10317
12373
02802
12134
07395
03512
05620
11626
05414
00867
10675
05416
00806
00430
12914
04051
03039
10106
05394
07688
04816
13287
09917
08674
10072
09709
04786
12849
10758
01224
00195
09890
02455
05028
12336
08688
10655
12521
12534
00300
12688
08446
13497
05798
09201
07982
11733
02110
00536
12475
05395
01546
10328
10195
01600
06269
13189
14269
00768
07866
13008
00238
02267
09220
04441
00618
13630
09661
10090
13739
11071
00794
11529
12508
03010
04235
05423
07472
00442
06495
02413
10982
02573
06051
12499
01659
13060
02611
06203
08698
02959
08780
12800
08543
06682
09823
02355
11663
03950
04570
01439
13540
00455
03335
05014
10292
00776
07404
13125
04219
06363
06536
13304
05112
09132
08851
01073
05498
05463
14067
09242
00992
12769
12810
14112
13295
02106
13715
00975
04305
13384
13538
03763
11561
02896
06654
05601
00866
09471
06743
13364
13455
03338
03292
12967
06060
01717
09692
09568
05239
14256
06484
12916
00246
05033
00507
08202
04587
10951
00037
12297
09732
00231
11258
07357
12417
11632
10299
04398
03126
03447
04066
14054
03459
03795
11333
00030
08513
12070
07209
00361
05684
09172
05771
08246
06485
05839
11046
02888
04826
09001
05495
12285
11630
03924
07635
02961
05317
06420
10834
04931
12906
08693
10778
01548
12960
03729
09287
00366
11827
11932
01572
07921
09842
02436
05300
08762
06899
08984
12944
13927
11399
07475
08002
12608
05578
01641
05431
09710
01842
00191
10384
11155
09093
13119
00188
06332
09476
04192
11718
08303
08549
08308
03285
06906
08377
02524
10702
06991
02325
04940
06587
09845
08801
09434
01626
06943
06461
13309
10939
02442
11731
13152
06526
12158
03905
10100
06716
05411
07477
09893
11227
08591
00306
04640
10307
03587
06290
09362
02478
06219
14223
00720
07438
03255
09254
05903
06952
10063
02702
07761
03744
01178
08671
04505
00634
03851
08749
11054
08067
05430
03815
02944
11912
01226
07199
00583
09435
07511
13183
02966
08473
05807
07874
09921
01468
13078
05809
01907
12777
11065
11760
12788
10026
13900
13989
05244
13544
10643
05368
06452
13410
01284
03264
10933
05297
09744
02763
06642
02521
07362
02447
05879
12927
03287
08228
05743
08084
00993
06241
13115
07506
02059
08130
01987
08281
09364
14232
03062
08586
08379
03693
00123
12025
00386
11072
00322
12738
03674
11373
10426
01581
13660
00496
10710
04651
13091
04623
00915
08442
00090
13525
01876
12123
03362
00100
12088
12439
10606
10820
02322
12151
08889
05726
09229
08723
11658
01467
01531
14008
07661
04205
13831
04131
01257
06680
13080
08271
08243
06947
04586
11296
10479
12533
11334
13095
06092
06090
11580
11878
09309
07407
12043
11993
01571
12334
03134
08505
13298
05688
00345
12796
04071
10602
03087
06188
06893
05700
08165
02737
14088
14169
05483
01476
05877
07536
06517
01453
00423
04084
04429
01622
06848
08475
12071
10903
03521
05860
05969
11038
01744
00264
08137
06399
07368
13920
14005
14105
10533
08789
02311
10314
04652
02073
13337
00594
07213
01602
06369
13438
01515
10509
07947
10857
06538
04542
01121
01120
04207
02465
09730
02338
07037
10765
11314
08387
05866
11301
02299
03732
12435
02028
08576
10534
07663
13403
10740
00850
13241
01587
06860
11019
12581
12204
12686
00650
03856
00487
05919
13568
02452
13775
13386
11689
00297
02562
13839
11592
04142
11397
06139
05715
00458
00131
13982
02331
08212
06983
04434
09449
07694
12700
02041
02708
02928
13431
12535
10520
02122
05335
06303
02697
12559
06340
00128
13289
13635
01362
12988
02089
10908
11539
09565
14121
05737
10096
09943
05922
06801
00056
07950
04619
12885
07003
01329
11568
02345
12717
05461
08917
02704
00872
10490
04718
00733
03953
04248
12720
11331
08515
06028
00362
08060
02130
08847
10942
09239
07914
14031
11488
12196
01512
12735
01505
03975
06355
12795
12131
10460
05164
03230
07000
10998
00947
06815
04199
04029
03832
08648
03148
02553
05342
09194
08662
10986
01710
12040
11132
12343
12763
06407
11050
12372
09013
00808
07752
05724
04594
12177
05071
00539
05117
01136
12787
08080
13052
01054
06502
10020
09143
07994
07299
03101
10250
06177
08790
03450
01599
01461
08030
06836
09237
10194
09787
08383
03942
02922
10788
02677
07479
04868
01202
13012
12648
02000
11625
09245
01394
13777
11903
10680
14138
09031
04359
08127
05050
03895
01092
12193
09636
12762
03749
11466
12598
05193
14100
05104
11514
01605
11725
03045
02516
04373
10447
06313
10459
00333
03328
03293
09821
01940
13753
01465
11549
07254
03115
07603
09327
12502
13535
12856
00309
07561
04351
10478
07052
00026
02579
03041
03431
04550
13953
09855
03179
03027
09218
09302
01008
06346
04336
10405
02082
08427
11829
00974
01030
06864
03484
03028
03150
12423
04900
05742
09417
09458
03017
08892
08019
07210
03191
12200
01098
00563
06123
11515
03164
04819
11924
09814
14111
09424
03755
05109
00473
05729
12832
00526
07270
02550
12030
09920
04714
10131
04300
02353
00259
06011
01080
05710
06498
06554
02273
07731
14098
11534
13721
14131
00624
00048
11512
13081
13643
04736
00689
08365
04901
05070
13024
06500
13763
07169
10293
05035
11533
05718
09475
00596
07593
07528
09214
02742
05671
08449
03779
04430
02577
04492
08654
12972
01636
04141
13099
13199
12374
07720
11356
09298
07525
11589
00833
09911
06137
09741
09579
04039
04446
06549
05234
09110
13381
09853
12776
00700
06053
02841
01682
11879
01262
12784
08783
12995
12675
00791
04568
03921
09159
13196
08964
06127
12258
13958
05374
02769
08143
04325
10674
00041
03417
03662
08793
00171
13415
07063
02510
12939
02946
01698
06539
12993
04727
11693
02077
10899
06348
03455
02348
07289
01767
03705
02037
12473
09137
12148
02157
00254
05776
11644
12407
12588
01872
08623
03862
02084
11176
09140
07359
05984
03069
09910
01762
00514
08206
02689
01236
03523
06196
07167
10694
05362
02828
03444
13639
08667
07836
12650
02057
03391
12859
09479
12447
07282
05067
11825
09693
03360
09977
03003
07414
14014
10275
03198
10917
04273
08831
05884
11739
11866
12518
03184
09499
01289
06507
07592
13332
04685
03548
10032
08837
14154
10487
05458
07861
05859
10548
01110
06627
02626
13973
11311
11918
00032
07970
02044
10175
09879
06672
08940
05481
11239
07499
03193
00182
03696
04835
06626
11032
00730
04457
13938
04328
03845
06298
12575
13581
07251
11665
00358
04990
11732
12687
04483
12919
01193
13589
03910
10974
01203
05108
03655
02460
11685
03913
13587
09864
06777
11248
10142
05128
00607
06749
09819
13002
01492
11498
00061
13838
03586
07408
05068
08567
09033
01755
05381
02148
11184
04458
06066
08161
03258
03120
13451
13167
06910
02428
11287
05196
02504
02098
05027
12966
10002
08382
14085
11228
12078
02165
09542
12315
02620
02655
04335
04891
05645
10850
05589
09999
08010
00837
08250
02018
11121
10202
10943
06772
13848
01714
07799
11283
07013
09647
10771
06661
07059
07250
01786
05675
09462
12616
09831
00564
13547
04107
11004
04951
07856
01433
00449
11661
13321
08113
02075
09691
08751
07642
06727
11629
02138
12538
06071
03388
08680
11478
13879
13085
05132
10484
13335
04615
10510
03277
09221
09203
09567
03908
05279
09041
04156
10401
04372
10678
04186
10973
11591
01692
03331
13670
01540
03210
06493
09457
11541
13102
10341
04119
00006
06849
02049
06793
00690
08980
00777
08267
06300
05761
12341
09166
10644
07147
07912
02622
05432
12672
06026
08866
04240
11348
12544
04425
13238
05101
00127
09063
00968
07767
08909
09816
02530
11223
10634
06486
01454
04834
12974
02536
13704
05667
09292
14093
14209
08967
03846
04101
05074
03909
07753
13380
05644
02581
04463
04464
08375
00244
08995
12636
08421
11097
04152
04523
06854
06286
06200
05976
11797
11618
11925
05619
02484
03698
13965
08569
02360
08545
10017
11606
13647
11770
00957
09617
02097
06330
11509
03730
05051
06647
00417
11715
12362
08389
12778
05797
10068
03141
07539
12607
05576
03288
13999
04878
11425
02693
02817
03692
12606
11265
10792
02758
14155
08467
09906
06024
02974
09768
12718
01703
04925
00683
06514
08531
13945
07168
05921
11807
07854
14193
10184
01977
10626
09785
03364
08595
08123
11136
04070
11291
06760
07383
06819
03719
09067
14040
11205
12940
01032
12376
12630
07265
10107
01942
11902
10653
01715
03172
12948
12441
00750
02939
01697
02023
02230
02211
06712
02993
13510
12622
03518
11861
02482
02444
07145
08149
02954
12474
08533
01361
13718
00909
13649
11120
03764
13116
03646
08496
03020
04498
10385
03239
03162
12314
04284
02766
07375
07459
08841
09289
13270
05935
09455
07134
01878
06525
10167
02889
02155
00005
03571
09108
05146
05918
05470
13990
04564
08021
06059
05904
02909
08620
10760
14056
07307
09045
08138
10848
12673
03078
13932
04255
02991
13866
13633
12127
01774
08039
10907
14081
08238
09696
05863
12998
09847
11253
07881
09598
06062
04796
11302
13010
09038
10748
14239
11716
03718
01486
13257
10198
07266
10898
04095
09268
06270
08713
01404
01632
01966
13850
12770
05316
09286
00544
10647
09955
00636
01094
00488
02688
00816
04266
02235
08561
04893
07992
02415
03276
02868
04653
04787
10712
01165
05405
00538
02494
07138
08432
13717
01148
02650
04976
06140
01555
11525
08055
01457
13790
10718
08874
13599
04535
09722
02372
05356
06088
11967
00351
01163
00800
01617
07048
11462
00197
04166
11259
00792
05083
11142
08157
09556
00805
09442
00199
08248
05272
04312
10690
03809
06690
09018
13735
05060
08882
13729
00319
06378
12689
01152
04221
04481
05073
09677
02125
14271
04445
07123
12051
11820
02647
08704
14115
12014
05422
05634
13857
05102
05219
03399
13725
09248
13797
05593
02404
11149
06770
13988
11454
08270
00143
02243
01186
11303
06601
06308
01382
10755
02507
00067
06256
05345
09361
00093
10815
03507
00211
04950
10869
06266
00426
10855
13387
07644
00416
12878
10524
10273
12149
00924
10392
10008
14082
10075
09974
06872
14092
01803
01017
12597
12342
12085
09503
12422
08219
12106
09187
07474
12847
02131
09484
05298
06562
01858
04188
11456
04741
12317
02533
07360
07850
01076
02295
12340
07273
13496
04734
00732
11075
10746
03231
01732
13794
08843
09354
04603
05875
03311
11850
02301
01177
07313
05837
04052
14079
11107
06932
08302
00580
06629
05306
04910
12225
12155
07498
02250
02546
07007
03860
11049
03269
13959
06138
02695
03754
09382
00363
06853
06918
10843
05224
13702
13409
08711
13597
07034
12347
10258
13114
09576
02511
13220
09205
11160
06901
12652
07227
08799
03461
04012
00842
06211
08650
04892
04676
09314
07551
10386
11979
13218
05290
07200
10043
09896
05094
10344
08078
00818
13508
01397
08962
05545
08776
06845
08953
03723
13490
01709
13979
10519
00983
02751
02607
13073
10006
04159
06229
00699
09208
07244
09369
04532
04663
01798
10576
04116
09880
03599
02509
12045
00728
09100
01852
00490
09765
02844
06416
10495
04004
03632
13129
03539
04105
00151
03933
04948
10984
05824
00106
14274
06325
02472
09772
07424
01475
02576
00009
03466
11837
08073
01655
05212
12548
13954
10087
14143
12782
13127
06453
10335
11257
06404
04943
10513
03733
04724
10766
01107
13031
03967
12032
09380
13591
11714
05808
09500
04485
09073
09760
05235
05105
08049
05013
08491
07658
10311
00543
11447
06809
07754
01223
02542
01474
10215
02033
09326
01431
01903
01246
03598
01090
09644
07385
11722
04520
11104
12841
12511
02308
02659
13323
03485
02186
07257
09365
10203
02055
13596
02042
10093
07777
03167
05796
01240
06209
11126
12442
04432
11313
12680
11112
01961
07369
00492
07480
11916
11747
05709
06573
11787
13722
07338
09322
05937
13350
02514
09474
07927
06825
04599
01724
13705
06109
08486
00572
13430
07997
08338
05754
12997
11841
03527
05810
12772
01639
10891
02270
03798
11682
00047
09951
00660
01219
10084
02281
13193
09204
12286
13815
05793
08587
13545
11905
02278
09492
11672
01652
07979
00189
01343
12790
13058
01866
00039
13785
09774
12259
08096
12985
01410
09441
12846
08859
06077
01735
11830
13539
07515
12167
07935
01036
09841
03422
03001
07012
07026
05276
10497
02461
07868
12331
07771
12072
14250
13375
08736
10870
12880
09665
06089
04203
06724
10816
12577
05928
05075
08900
03680
08362
02100
12269
00834
12525
12754
03021
12120
12143
04091
13700
10779
03278
01926
08132
10537
13567
03541
12218
04595
04375
01380
13515
00272
03891
11822
03351
08310
09909
04271
13520
11090
05678
11364
10847
12319
03553
11185
09659
01514
06751
00154
04304
14118
00008
13187
08423
11888
01518
10262
09030
13123
09913
11444
07261
00035
09284
10522
09252
08960
03233
13963
12875
00788
01388
02779
05310
14076
02342
03234
10064
04578
05085
06711
08184
08509
05630
03394
02276
12324
06606
12113
12815
08478
09704
00659
04412
03137
01979
13813
08141
10836
10473
06366
09236
12843
13041
13948
09182
06257
08231
01687
00879
04270
02013
00697
09393
07665
07146
09680
03449
07443
05243
08484
10297
05804
02450
08682
06697
12364
02184
01412
14211
02965
10734
07664
00136
13162
10667
06761
11244
11811
13697
07156
03122
08560
00120
01511
12325
09438
09942
04488
03971
09865
12803
06073
07225
00031
02644
05143
07618
06383
00187
11402
05198
08679
14037
12091
09663
09026
06939
06027
12136
12558
06963
09010
11988
09970
11899
09307
14225
07960
12765
12322
04814
07932
13277
08993
07715
09467
01990
00722
05249
06248
09539
02685
09264
03782
01915
14184
11922
03555
00621
12783
07605
12476
04500
11555
10267
02241
10003
06787
06719
06967
12755
10285
06839
06997
04822
03781
02067
03448
07834
02228
03346
06422
01024
05280
07347
05577
07655
13622
04286
03139
01702
10525
08722
09757
11937
07943
10795
01959
11474
10909
08913
11968
01327
02835
00798
09025
12566
04572
13634
05194
07582
03300
10633
11375
12696
13683
11247
10921
00831
13423
07300
13712
03499
03563
08287
10809
10824
13833
07913
09850
00096
10976
12055
10160
01038
00380
07706
12066
07329
03467
09930
12438
12915
00457
01481
05080
03684
13070
01004
01988
05885
05745
07915
02935
02589
10531
09928
02500
02945
06261
10897
09724
07084
13632
09762
01792
05998
08929
03734
01138
08065
02580
12510
02730
13752
12848
03890
09849
01147
12801
12514
11686
07669
05336
13846
09371
02584
03980
04984
11637
02696
12962
12278
00589
12427
10165
09053
06788
09596
08867
00774
05277
01350
10466
03488
09640
07196
05387
04135
10442
04226
09109
05677
12217
08930
03280
04043
12761
00352
12660
02771
10098
05532
02950
11123
06317
02710
04606
13333
06780
07091
14066
11203
10999
09478
11587
10054
02818
13228
08179
01256
10860
02781
05988
00503
05638
05406
09956
10739
12642
07996
06136
10529
05407
06962
06572
11934
04628
05624
03878
01795
07552
08639
09746
09416
12904
08006
07252
12386
00670
10859
13320
07541
06756
06639
12114
02039
07886
05613
12663
13501
06837
00280
13695
09508
00140
07094
01409
11281
07708
00504
08367
05204
13985
05698
02251
00194
07405
12472
01821
13005
03526
07954
08181
06730
13425
06705
02343
04016
11638
05184
13559
09717
07870
04251
03271
12863
01620
04517
03213
10750
14116
08214
00869
00236
04909
09557
10941
00522
05686
01373
10007
12894
08121
11723
10149
08625
04078
07367
10052
04860
00803
06329
01780
08908
06795
03876
08761
13263
06593
02929
10568
08190
05380
05131
13996
08089
09707
13881
03864
10572
03713
13981
09470
10679
04592
04526
03889
08027
10764
12034
00876
08116
07031
01765
07239
01477
13808
02703
12018
01344
01308
07839
13112
00669
01865
02529
00548
10840
04409
13217
09922
08665
14252
01771
04123
08394
08187
03578
04772
02969
03092
05721
01720
05284
01355
04384
00863
02371
06107
04491
06713
11374
03333
03349
00577
02878
04064
10094
05100
07841
08657
12580
09125
07543
04791
12000
04098
01083
07897
07482
11817
14202
02289
02942
01319
09505
05563
00887
05386
04916
02395
09972
10053
06258
09358
03022
02714
13836
11169
04299
00746
05029
07243
12529
06191
12929
00327
09684
14246
08653
06285
07095
02848
14268
10791
10188
03504
11105
09055
11768
05512
05929
12596
05780
01701
00486
00667
07520
13856
02366
03880
07878
05242
05898
09813
13962
10192
12456
04146
02628
11688
07535
01244
00610
08663
04882
12195
06657
00637
10319
09223
08729
09008
06121
06265
08512
06883
07924
07630
11623
12412
00265
04022
11904
00786
11789
11881
10749
02759
03446
14072
10963
01674
12135
12138
06307
09381
01317
13449
02875
03607
03014
09558
13367
06289
05478
11306
03751
04995
10409
07413
03043
13186
07876
03374
04821
05893
02010
06584
07065
08291
08622
07559
08619
03992
07808
00057
05637
00617
14177
08124
11368
03131
03989
13929
06704
11954
07310
02755
00856
00208
00797
02962
11795
11115
01052
02449
11628
01399
01171
07088
12527
01084
05485
04062
03181
10761
00474
11116
05870
09116
01897
10578
05862
06878
06643
11542
05733
01497
13004
06086
09771
07702
07516
13926
08647
09428
13925
12403
12839
06341
01597
07873
13571
04321
09481
11798
08858
07275
03253
06522
14068
02127
04617
01867
03652
02159
09550
05018
11755
10516
09032
01816
08282
05746
00500
03205
06785
05040
13463
09196
00891
05649
13893
00403
09328
03850
10015
12077
06506
09152
00166
05973
02022
06955
11157
12005
09645
06881
04935
00878
10349
08009
00453
13565
13233
10637
06029
10450
10814
00177
10494
04164
06347
06944
10928
07197
11674
10013
07768
13895
12626
01532
02303
04695
12180
03801
05940
06033
14235
02972
12609
00218
11355
13872
05609
12160
06970
10807
08613
11062
00955
03042
08356
09363
05037
02498
09616
13310
02134
05905
12934
00007
10557
09888
01584
10398
11994
09908
10157
00862
04443
04634
10574
04771
11171
09818
03054
03183
05125
02712
12203
01569
05384
13432
11245
12551
00283
11983
09698
04801
03019
05617
10523
11781
00113
03621
08093
02778
04548
05269
10231
06814
11122
01267
06585
05487
09131
07174
07501
13653
13533
02570
05301
00904
01904
06013
04674
09822
10839
02526
13378
00498
01726
04924
11007
05163
01113
04331
07928
04583
11892
14136
02008
07436
10607
02684
07581
13594
09937
01631
13253
02820
04411
13121
06677
09736
00224
12830
11572
07687
12333
00461
12515
10914
03044
06014
09136
10849
10271
08368
05621
10732
12283
07966
05680
11187
01031
13050
04883
06857
11873
00433
07513
12002
11341
12820
12933
05741
06618
12685
05330
12812
01302
02495
13819
00946
01434
13619
08038
02430
14113
02669
08629
06154
11649
01808
06961
10457
09959
08088
08724
04222
08621
08996
00209
13672
04507
03061
03660
01628
09432
14265
04104
00651
00462
04580
11528
06605
01914
07538
08641
00073
12632
05358
02364
11378
05897
04306
11156
07798
05581
07736
12758
05549
11344
10110
14222
04145
07896
06459
10505
02144
12872
13402
13488
12049
09614
07150
04973
03875
03566
09151
03768
10800
13659
13072
09042
10416
12081
13964
05843
12446
02656
02317
08054
13650
10169
11554
00220
10418
02332
11849
05496
07217
13138
05475
09406
03639
09037
03727
11188
12036
02645
00875
05756
00965
06959
07460
05588
04026
09907
12699
03753
11492
06811
11327
13271
05099
09029
06847
00693
09854
11022
01456
12048
08398
11726
13122
03626
14272
03098
00180
01039
13493
05222
08295
09903
11361
00858
12197
08292
14033
00055
08880
01125
05784
05024
10794
01078
11103
02543
13992
02358
00575
01694
07755
08826
00724
03497
02856
04745
05466
01606
08072
06433
12745
04293
12512
05931
13329
07086
11553
11144
08879
12798
11906
05739
03182
11125
00375
00053
13252
04180
05932
03930
04759
09014
05283
10246
10399
05878
04978
13028
13149
02104
10071
05895
13087
08269
01274
09007
09669
01255
12590
11119
11791
03142
06074
06789
03888
02036
11229
02931
02315
05446
01999
11233
09011
01395
11389
03777
06810
00242
01156
12019
07043
01601
08566
07609
09418
07485
11084
07647
11784
09786
06153
10527
03783
04478
03810
08339
12713
07490
11175
09652
09179
00310
02392
09571
10625
05160
09399
03726
08630
01213
14049
04020
14073
00303
02882
02236
06206
00059
10387
00388
02525
13884
13239
00040
04851
09790
11562
12237
03496
08450
13456
08634
04076
02258
08239
05534
04467
04545
01006
10731
03715
01520
09874
12563
11537
12246
13242
05183
13184
13686
04825
07577
03508
01287
09944
12292
02438
07508
00930
01678
09734
00668
03896
11520
10726
04181
07973
06134
08565
11496
11082
05650
07430
04555
07641
02323
05694
06660
07333
04779
09528
02979
11761
04494
11419
11697
12115
08516
11778
05246
08697
03073
00387
12270
07432
13291
06108
08938
05402
11222
12637
11074
04966
04566
10605
13495
05171
04132
03347
08474
10504
12877
06163
09148
09028
02515
01050
09753
13305
08916
05373
02349
11518
04134
06282
14013
08213
04035
09056
03209
01205
05437
10617
11730
01671
01231
08034
08979
00336
00116
12992
05598
09538
01161
01145
05841
12850
12952
13728
09591
01220
08778
14161
08746
02279
06877
08483
04600
01864
03758
12708
00371
04190
02775
01750
10045
08210
05627
09146
03529
06198
03064
06447
05047
12254
12073
10226
07093
09554
11880
12666
01779
08603
10956
11736
02975
08627
13840
09403
08802
13326
08108
06009
01994
07132
05915
03948
12501
08435
01833
04661
11877
13937
06975
02078
10390
08233
01416
00793
07412
02080
05477
08806
06145
10244
03424
09099
02810
07733
02004
03005
06101
12481
12060
01871
07686
01832
10378
05130
11584
02799
05817
01820
11680
09783
03651
11868
03147
03123
13708
03993
11409
10536
13444
03673
02851
08846
08226
09586
03411
11785
10152
00703
07972
02309
01015
02145
06808
01558
09174
14194
09782
05626
01095
05256
13998
00517
14215
10393
01932
09444
01874
09395
10415
06613
03222
03090
03170
13136
01312
01616
11043
05213
04045
06674
12732
08447
07776
11743
08171
09144
08069
13151
03127
02794
05738
00276
08777
03925
08297
01627
11371
08618
04344
06904
04866
02194
03778
07466
02987
03643
11387
02713
01249
06193
04025
06796
01837
06862
06527
02795
04518
09123
07751
06908
09129
09729
04703
02128
03945
07386
03780
04327
12357
05513
12175
13315
11848
06774
06580
11943
04804
01754
01000
00133
05005
01276
10515
06235
00649
12219
05857
05814
00405
00614
05348
06045
01924
10552
00137
03194
10895
01570
01190
05618
01775
11552
04340
06078
04802
14217
04302
08763
06684
04646
07919
06897
08434
05116
11550
04125
07633
02722
13301
00943
00465
08850
06552
07707
02678
04642
12634
10985
06294
13793
00505
05098
01683
10631
03012
05991
08322
14242
07128
07557
11823
09540
04162
04033
01277
12862
04853
12145
00222
05078
05544
01769
12715
14025
10464
05322
01757
03547
13652
02544
09963
14219
10756
12102
08134
01441
13168
05944
02977
07398
05744
05433
01708
07312
00201
00840
04294
07374
07471
07974
04182
04287
03787
05981
05892
02711
00723
04381
05136
04604
12335
09829
12552
06106
04200
05025
07122
11855
13454
01965
13560
03538
04668
03871
06687
01485
05689
12757
12702
00004
01278
06739
04308
07920
05691
13804
00117
09359
00379
02363
08320
11174
14071
06940
01218
07858
10654
03216
10696
07288
05195
14108
11670
08800
04061
09034
10443
10356
12886
09397
07038
12100
01739
09980
02653
07234
09211
02801
05907
05503
01517
06866
02291
02606
00675
10808
11441
12942
03334
08701
11284
02101
05795
12261
13437
05794
04928
01445
02803
10476
11973
08656
10373
13671
07802
07039
09345
05398
12461
06622
13015
03549
05238
07166
01609
07345
02439
04743
11645
13583
07685
10521
03129
05978
13892
11182
03863
01243
04945
01217
05032
06242
13285
08350
10117
13744
02846
03962
04417
11196
03625
02214
05901
07677
11264
02222
06302
07882
02015
11445
10058
04099
04710
14083
06577
03565
11790
12635
03656
07363
09747
06758
12313
06387
01117
11897
02756
01383
04358
07521
07976
03701
09873
09932
02616
00250
13261
06057
07481
02560
05084
09404
00359
04886
11582
14114
10005
13348
01097
05606
06466
03979
00332
02925
08730
01436
09575
07848
11293
03903
12249
02193
04223
13205
10961
07851
04338
13076
02102
09969
05607
04807
05959
13638
12137
02809
11941
10357
11799
10735
10867
01176
02604
06653
01056
03416
04605
14229
12271
02610
11151
10575
05401
01081
09387
06623
08345
06791
06869
02658
04390
09968
00615
12583
03430
08404
05305
01945
05318
10011
00680
04163
07491
06382
03986
01363
12028
10558
10278
08448
04017
13911
11080
02940
08710
03161
11566
05488
04258
10549
05732
05702
11014
04476
04610
09863
07136
12012
10095
02426
14163
13237
08163
08405
00215
07087
09240
01179
13664
10018
13878
08601
02288
04888
08118
12709
02789
01164
12959
05241
13043
05511
09188
01227
03024
14156
10774
06338
13489
11604
08562
08684
07435
04927
11298
05854
04418
11037
13961
12957
04732
06133
04413
04460
08794
09643
08018
10676
00682
05947
06454
14208
00565
04514
02586
01466
00484
11095
11681
09824
08872
03308
03738
11093
03958
04981
05002
07860
11346
06781
04322
11146
00692
11639
04379
00694
08949
06142
02068
05886
03060
05559
10073
08119
10182
06736
08994
01429
12950
02063
10172
02329
11012
02480
11342
14185
05958
10744
14011
11464
02095
06044
00299
02168
11391
04068
00377
10366
03841
04437
12458
04149
07571
05454
08012
00923
02605
01582
02625
11547
09121
02983
02557
01247
09157
08782
04347
02421
03601
13197
05008
07826
03015
11300
10651
08786
01075
09078
08907
12097
02827
07546
09895
09420
02821
10343
10932
12667
07151
03367
09914
00684
07596
01377
01707
12842
01667
13351
02735
03065
11794
00394
08500
13574
07852
06201
09988
11707
09560
02040
04549
12489
07177
06419
05651
13154
04991
13229
03243
06917
07023
06494
02132
13883
01563
10736
13573
13288
03348
01985
12330
02870
04740
01851
09448
14267
00994
11345
08986
04080
08340
11583
03594
04038
08855
11766
12543
04635
09337
12050
06771
04747
01603
08183
00744
05286
04301
10553
12892
13230
09091
11745
05214
14212
02641
07280
07628
05021
05493
00204
01992
05059
12605
00704
04664
02787
02572
09756
11130
11962
14187
04324
06678
10738
06225
00664
08557
07832
09312
01676
05775
02980
00161
12698
04468
00681
04994
13210
05218
12781
06988
05321
08876
12224
01969
02229
02021
12232
04636
11285
04546
05628
10092
03112
00646
09262
11081
01339
11744
02740
03340
07051
02050
00234
13398
07074
08823
08937
06782
02160
02847
04930
00271
09987
04189
02302
08413
10001
14119
13135
05764
00884
08636
01785
06896
04055
06054
05090
01245
02728
10438
01544
06673
13834
08094
09630
03168
07563
04959
11655
13161
06499
05157
13611
04252
07560
11910
06199
05223
09639
10769
11600
13460
09551
06157
13624
05138
13063
11431
00822
04179
09175
11854
13691
04758
14210
07463
07750
04920
11320
03099
10173
10242
09875
01648
11335
10747
01758
06720
06511
05448
13922
03834
09021
08315
04455
11193
03866
03739
00076
02319
08541
12349
00019
02399
00991
08351
02025
05547
08167
07101
12621
00773
05206
00828
06425
13130
04596
01332
00868
00895
08240
01460
00717
12659
05140
10610
06342
11158
08570
09912
00094
05371
05057
08833
10699
10770
02585
11927
07277
09838
00562
07837
10440
10287
03058
13075
12083
02734
13843
11218
00435
09948
06738
00429
12047
09250
11360
11574
03342
10687
00175
01029
13651
07807
02837
13001
02265
07137
11616
07696
09799
09924
09160
13566
14213
03557
12651
03998
12194
13642
11788
11064
03843
05542
11828
14157
07461
03697
06741
03830
07585
04926
12281
02389
02479
02290
02210
06636
05049
02753
13124
00110
09584
13828
07831
10408
03235
01672
12710
13687
11575
09975
02414
05288
02153
08520
10708
04684
06902
10234
12756
12451
05641
09994
09667
12643
11648
08477
01055
10864
07629
07192
03636
02396
00740
10514
07216
06668
03436
12619
03583
01823
08148
06299
00466
12611
01304
06021
05349
01645
07949
07509
06835
08363
11230
00185
03813
10439
00159
10912
10294
03176
13648
02344
13576
10082
11339
10303
08352
01573
10955
04218
05553
01938
07782
12504
07725
04906
09414
02312
02721
07092
01225
01187
08401
08759
05752
08110
02136
14178
06476
14004
07311
07058
13473
09391
00775
05435
08781
02501
10144
05821
03156
10775
02357
14204
14249
03463
02213
10988
12464
09770
06746
02232
07152
03806
04002
04754
00914
09466
03438
13842
04415
12752
05716
00657
09687
06592
05359
03904
13696
11261
02597
01018
01508
09374
05541
02133
05573
09564
00709
03708
13266
13724
13748
10263
06832
13832
00601
12238
02960
06194
08077
11839
02690
14095
10134
13244
07158
13974
11996
03788
03241
10796
11913
04697
13427
13013
07183
10673
02275
09664
09256
00382
01022
09383
01026
05968
11406
09456
02670
00986
09852
09898
08695
05666
07740
11666
08888
03689
05571
02874
06645
07298
10818
08824
12703
11977
04148
12003
13088
09590
08769
02062
11559
10862
03441
10886
12936
10978
02731
01130
05579
00213
10379
01585
01831
08158
12900
12132
14262
13407
00311
02053
12453
04112
08129
07774
10935
09165
07327
06477
08744
10500
12947
07055
13169
11100
02335
05912
10583
07306
04237
03140
08969
03322
00099
13039
12814
04765
00214
04641
00978
09311
03086
09510
05350
08428
10823
01796
10268
08593
02382
05582
02747
05110
06609
10185
03109
00145
12594
00537
09168
13552
13426
06754
02574
07983
08827
09899
03306
11141
04537
01588
12478
10276
02205
13863
13629
07409
11275
08290
13478
11438
03554
04278
05421
08973
13467
03595
10964
02738
14060
11695
02388
11569
03735
06221
10721
04454
01426
10252
08406
02707
08532
11470
11896
11558
03797
05853
04799
10216
03957
03248
07885
10283
05107
13971
00397
08745
07458
02489
03358
08735
14176
12092
10135
08278
01498
02988
09423
08485
08791
11092
07789
04352
08946
05658
12393
12712
00512
08764
00132
04862
10874
10831
04169
01229
08803
07425
03819
10875
10946
06714
05460
07159
08717
08928
11035
00482
07967
10298
02410
14015
10954
04829
09340
05081
12913
08575
14086
07756
12311
07545
06386
12371
12893
01782
03116
12099
10485
14158
11749
04368
05623
02224
09884
03510
02292
09200
05566
04715
13231
11206
13405
05296
12163
12638
08499
00632
02298
01305
07164
01334
05880
04870
10424
04581
11294
00020
07242
03855
02440
07961
12129
03759
06418
07332
04337
09171
09587
03672
07208
08357
08615
11780
03902
10790
01869
09723
09348
03769
04962
10183
01470
06556
00446
03361
00541
10587
05757
00819
07376
07553
09621
11414
09607
04452
01950
07006
10061
10697
13299
04626
04633
12346
13316
06543
08600
11652
00671
01734
03675
09318
01200
01901
06957
03524
11921
08968
09281
08217
07512
13462
07598
01797
12896
11211
06084
07572
08326
13469
06297
03760
05281
07735
00043
10503
09370
01069
02741
09675
13530
00898
00252
09817
02665
02212
12860
13614
02051
11728
06274
05908
13636
01657
00518
13875
11407
13897
08975
14046
00677
08412
03375
08992
11756
05836
11870
11473
06001
12226
13356
14032
07205
13312
01116
08787
06891
02853
03789
10563
10162
07819
11290
00479
09883
01025
14139
12546
11605
05482
12641
13324
00290
07290
09431
08465
09573
06972
00414
04378
04639
12057
01807
02269
03047
07344
02453
03132
02724
12020
14091
06034
08903
07650
07005
05167
00811
04687
11503
09848
11769
09422
07975
06165
13376
06595
14018
03282
08259
03949
09027
00129
08921
02569
12937
12394
03125
02934
04795
08963
13805
07062
04319
01722
09957
06614
13145
02264
07505
09520
09566
08523
06663
04764
09626
09277
01108
03785
11162
13549
10902
02350
02683
04420
00561
07990
03505
08805
00249
12377
05727
00603
02590
10995
06953
01787
10772
06214
04366
00216
09384
07548
10255
08739
09997
06460
06240
06557
03074
12970
00255
11372
08242
05570
10957
07246
09352
12976
03882
12924
04757
04493
00334
01890
00421
08503
09126
05983
03208
08731
05403
11025
06296
00886
01143
13767
00281
08440
13682
00821
07842
08095
01846
10227
01814
11418
00760
06224
09624
06251
03811
04629
02503
01209
11017
06534
07674
02919
00491
10279
07453
01542
05575
03677
08346
03310
05445
07493
00939
02242
05543
10937
06105
06829
01811
13096
13215
02161
04077
06069
04601
04622
14078
04018
04260
00925
14203
07803
04383
13924
13853
11353
07484
06380
12329
11422
04243
02443
05801
08534
09215
12222
10161
09513
13616
00823
02090
01437
00516
04168
02271
13443
03602
05803
09247
10805
08198
06619
03473
00623
11379
10622
03051
14183
06320
09119
12572
10027
08774
12428
05872
13190
11329
12233
03543
09017
00003
07910
03157
07486
10435
01058
01321
04864
00298
02829
06683
10962
03189
04198
04844
07238
01752
01591
02261
05855
03046
01503
07737
06950
00081
08173
12169
05150
07640
08606
08062
06397
08097
12359
10878
13821
09983
09871
01406
08015
04262
08924
02074
12173
08407
11023
12945
12125
09837
13891
06900
11500
04288
02899
08792
12280
13707
04279
00628
03802
04230
04124
13829
10931
13947
06665
01368
03859
00335
02528
06010
08580
01340
09642
09103
11036
07985
02158
03223
00400
12228
08589
08775
07230
01250
13784
11998
00243
06828
00146
01398
11597
12230
13631
12600
13931
01927
02534
13468
08047
09901
05177
08864
07532
04660
07705
13960
03381
04195
07392
04763
03597
12095
07276
10858
12009
02723
00102
11599
12791
00018
05344
01777
10683
04281
14126
12601
03934
06442
11875
03440
13640
02908
09356
12925
10488
14237
06567
00016
13255
03350
02798
10354
07946
12574
13608
05568
11266
05758
10904
03997
04917
11495
02890
07617
07416
02427
08772
05943
07118
14055
01019
04435
09353
05668
02717
04539
02660
03912
05393
13558
01973
05538
14123
10337
14026
01956
12617
00643
00420
02434
08681
10971
04689
06391
06049
07170
09280
04751
08559
13572
07220
02115
08943
13692
09202
04823
08720
10611
09833
13300
05942
06038
12320
10841
06278
04903
09555
00147
01805
11027
09341
06826
08384
01824
00826
05424
07695
12220
01886
08927
02231
11833
08372
06805
12910
02007
02679
00471
12282
05730
00089
00861
02894
13322
08819
02065
05308
01855
12360
13106
07304
08852
08896
01898
05096
06356
07575
11571
09996
09300
11544
02709
08737
08865
06414
10229
04261
02076
13524
14160
13798
00010
04250
02113
10565
07716
09150
03940
08150
12571
09212
08604
04908
08180
08419
06190
09048
00857
11641
01568
04541
11087
06358
11102
01935
07035
07738
13684
02117
07056
13227
11190
11775
02985
09632
02904
04212
06226
00799
01444
05010
00913
00225
12816
10714
09788
01980
00235
12674
07268
10232
12653
09541
10365
07959
10838
00210
07450
02705
06571
02137
07296
12794
02020
02912
03706
02491
03254
07489
03995
00122
10339
09012
10295
09271
10979
08257
02815
01510
10259
02187
07892
02862
06841
08983
08216
04512
09054
00815
06725
05704
02859
03728
04898
13408
06640
03345
11457
10518
03370
09562
01679
07625
07778
01071
08279
13412
01115
10139
05951
06167
14253
07448
05011
01662
11965
09155
09349
03877
02297
04473
09081
02992
07130
12956
07657
00212
10547
03835
01850
08260
12304
03267
08022
06331
01955
01928
07437
00881
08085
13345
04396
02340
13980
06410
00119
12448
05714
08932
09163
01716
09283
13366
10251
03177
13950
09082
08522
13519
07190
11383
10345
09900
03757
11002
11056
09294
11067
02471
10364
09703
13336
03579
04894
01607
11821
13401
02476
04725
08670
11675
03146
07341
10372
01860
04992
10619
07308
05444
01266
09989
05172
09177
03580
14019
03390
00410
09158
13219
08655
06644
01592
04246
13377
06884
09401
08514
12242
05299
13441
11337
02984
04946
09495
09192
06413
12395
13318
08160
09592
04242
07909
02905
08784
11060
09546
06129
05693
09811
02541
04353
04201
00493
02011
10916
04298
04449
05977
10078
06113
06855
00034
09332
13482
14080
14165
11045
12130
04431
06063
04591
02879
10762
02825
07945
03356
13607
05707
04767
12517
08914
05685
06558
04529
13089
02796
03569
10481
09425
01957
11809
11617
10949
02860
06578
04839
11859
11079
06817
10624
06666
13273
00157
09719
13479
04090
05632
00418
11690
10940
12958
06003
10174
09742
13471
09217
09527
13246
13854
06381
10993
06312
04079
02953
09618
12231
03366
08344
06779
01552
09738
01462
04103
13133
13529
05736
12785
02727
05705
13780
03414
11154
07634
01391
11421
11479
08087
04167
04387
01170
10797
08609
07069
05360
09804
03029
06390
02877
07971
07202
12338
00454
09446
08385
12296
02754
05176
14017
10306
12874
13716
13910
00342
03369
04088
06322
00097
04569
01964
03640
07760
13477
06646
13382
02598
05225
08445
10023
04896
12206
13260
07840
14192
08785
11181
04303
05952
02123
02986
04365
07402
09919
05822
02046
03279
11180
05262
00977
01545
01800
00910
01422
06648
11570
05985
00852
03509
05456
04690
02192
08673
11041
09378
07351
10661
07668
10595
11480
14218
05722
12436
05999
11148
05142
00908
13097
03314
13160
09686
08748
06401
11085
08388
12935
05473
13200
14006
12532
11489
00141
02111
11161
11452
08451
05772
13171
06339
02575
11706
07889
07322
06550
14052
06799
03108
11256
07745
01761
14094
08186
09583
06457
10660
02466
02938
03397
05972
10929
10304
08902
00658
07378
10453
04543
13615
10389
08101
01654
01438
10133
07937
02739
02718
03315
07253
03316
11366
09036
13017
00407
05258
08887
12181
01737
10511
09961
13787
10528
06005
04060
10461
13014
05399
03631
12168
03133
07591
05022
04577
09367
04979
00880
00029
12646
06431
02162
05818
09515
04989
02591
02056
07864
07872
04236
05069
04865
13626
04448
12739
03429
11800
07193
01534
03829
10990
02386
08139
07420
07236
10977
02310
11928
13727
03274
03107
00307
02571
07161
02612
00813
11461
12318
07309
02233
07077
12408
09784
01282
08878
03800
00196
12654
02490
10923
10212
00917
13505
11961
11133
09338
04283
10236
14058
07510
07241
00625
08834
00764
11610
03275
02619
10350
08115
07478
01551
13439
02052
13206
11315
12290
11343
06813
10592
04552
12884
01524
00742
11347
13605
02244
11615
08495
12486
08721
05830
04345
05770
13198
00321
05529
03489
08712
02248
10512
04961
10171
07615
04009
12015
00172
12096
14240
12432
07948
06911
02432
06635
12227
11753
07008
03415
00344
12006
10302
11448
