03171
02700
03772
02296
00125
06018
12719
13977
06291
00928
01370
02093
06311
08645
11914
11750
05832
08194
03944
00074
03344
07844
09769
00153
02932
13447
06388
12345
00155
10126
07004
08185
03412
05815
04879
05933
07089
11061
13327
10715
01635
01297
05615
08361
07986
11508
04794
06004
10629
01713
06838
05813
11321
01868
04574
10253
07796
00959
13666
00398
07323
04755
11020
00600
02729
00935
06374
07125
13314
13066
02107
03941
00354
13274
07018
14130
06497
01895
04932
13511
06875
06000
02237
12492
02639
12556
11135
10966
00605
06409
06965
07009
08215
11651
07343
03775
10876
12981
01360
11987
11960
10704
06798
00629
06830
14173
13249
13737
08700
09971
13887
04612
01306
00602
06786
11029
05767
00439
07354
12024
01037
01499
03972
08756
09002
03105
01677
08624
07449
07157
03425
06512
10370
12328
10892
09016
13681
13286
06183
00002
06233
14255
03084
02477
01818
04369
08870
10936
00510
12825
07712
04008
08230
00152
13445
04677
11970
09112
03323
00679
05926
13679
12683
07294
00656
04346
07336
01088
10832
01711
03057
00198
09412
08482
01954
10248
13023
04451
04785
09827
11340
04086
08707
06700
12065
12074
11609
10658
09658
13814
10395
01160
03250
10499
08726
09389
01405
06222
14106
01815
04313
06794
07884
09751
00160
09368
09548
02002
10561
06075
01323
13968
02843
08205
02671
06729
10604
11394
02457
02324
10925
00839
07672
13248
08347
12901
02995
00025
02143
11031
03897
09718
08836
10305
00305
13083
03266
10223
12391
06042
14020
01258
01140
04643
12026
13446
09973
03765
09625
09266
12711
05548
02499
05434
09700
13086
13703
10108
13688
06544
03457
08144
03002
13889
11945
11272
12881
00511
07109
12561
08807
03776
03080
05995
13416
01948
04388
11538
06923
05656
02978
02531
06436
11380
05510
00701
03886
01690
01089
09553
12822
10336
02154
00934
01206
01913
02666
03861
09087
02520
12365
12266
13484
13262
01181
04405
08378
09472
09273
10530
04343
11516
03097
03671
12452
06223
05899
03887
04102
02180
00015
10906
05734
01248
09290
12928
00331
06406
10915
07198
05831
07320
03824
11304
03990
03685
06874
11735
07689
07291
00291
06262
01863
08044
12418
07517
09451
09106
11384
08274
08126
06263
08074
04656
02088
06479
04477
12086
01447
09006
07302
13646
08935
06376
01788
07588
02937
14070
07533
06439
07810
11486
08151
08926
04728
03492
06237
01082
06537
09886
10400
13236
06974
07390
12866
12871
12494
03702
02783
12627
04947
10612
01493
05868
08329
05762
07791
13550
00328
05145
13216
06981
13118
03304
11694
01553
08965
13788
04874
07526
11033
04923
12836
01299
12064
07766
06504
00804
10727
02967
08637
04670
11923
02686
07494
07656
09238
05334
08106
07827
05827
13148
05533
10256
11991
04705
09183
06937
12844
02673
09085
04496
12187
03716
06588
07070
02806
07285
00341
08416
02982
04272
01351
11467
05789
09145
04773
02170
00807
08767
08051
00843
08285
11493
13590
10695
10968
13020
00350
03956
12098
09319
08558
03214
07278
05888
12806
13132
06594
03479
03180
13837
01736
05201
12302
11963
06922
03262
02634
12591
03575
02024
13799
13346
07578
14200
10741
10846
01386
01417
13541
03409
03963
04867
13120
10145
01118
11701
05833
07568
00368
13359
06408
08640
12513
09003
00535
14263
03428
06161
10240
03329
08410
00338
04220
03573
01549
07804
03118
02698
04717
06252
05043
13061
03000
01802
09437
08418
03055
06702
05960
12016
04890
13816
12523
06463
08651
09960
05191
07057
10532
02535
01239
12208
03482
00571
08131
14275
11812
09927
01507
13662
04332
06531
05453
02135
10040
02375
01027
04014
08947
07315
09938
02402
02701
10657
13158
00158
03443
06767
04178
02887
13955
10446
00017
09876
11741
02902
13292
01403
12567
13818
12991
03603
06998
08004
06468
07911
07600
03792
08814
13275
09000
10880
03365
11522
07179
02140
10322
02334
11475
02202
01324
12618
07622
05354
09469
07962
08945
09228
03511
10597
02869
05364
02422
00445
08040
11984
03160
06428
07616
04571
03227
00078
13457
11581
03624
04716
07415
00721
01699
13827
01154
13812
11297
03067
05166
13913
02561
05158
05514
07869
11845
05930
06598
07673
08050
11405
13710
02845
04391
07129
10321
03465
12402
10380
08299
13113
11659
08987
09402
08369
08754
13517
10894
09065
00381
12837
01596
06375
10703
03291
07032
00169
05603
13192
07813
08920
06100
00749
01593
02474
03590
06204
09563
03201
10960
09543
07988
12406
02341
13588
10264
13362
06087
02118
12244
13440
07530
08757
12128
06267
07114
06478
01888
04753
09092
13880
08884
02058
05154
11362
09015
10031
00591
10423
03954
04929
11885
10639
02726
08683
04614
04019
02824
06058
07956
03289
03906
12589
01419
05232
12263
10469
03453
02359
09265
06465
12655
07365
00772
00789
11398
04665
02496
01577
07991
03837
12869
08582
08955
09452
13417
01952
11511
03178
00130
06175
11596
00258
11423
02866
08272
06470
09641
07364
08877
01174
12370
12920
02772
05097
00718
01768
01835
08810
05975
13824
11590
06764
13740
07373
05312
06834
05133
11989
07042
09040
14007
05551
02864
01341
11810
10191
12105
12773
00101
10620
03559
05852
09004
13876
03341
06284
08898
02208
07388
12823
04918
09235
04638
01751
06731
05187
10444
06448
02952
12321
02750
09047
07102
07610
11683
03641
05141
02636
04277
12540
01893
03804
09602
10035
10799
08107
00948
07176
09267
04987
12052
12265
08162
08941
04341
11140
00170
05611
01028
02517
05039
14036
07931
02418
08584
05009
11814
09127
03026
01506
03192
11711
01960
07340
13176
03648
02923
05326
03402
00181
10948
08177
05927
03522
08760
02179
11078
02777
03433
02207
12918
08472
02149
01275
01189
06560
02181
04139
07025
01909
09225
04015
07726
03750
10652
05122
02182
12613
05315
09606
11262
01423
01993
01443
03991
11392
06174
01828
00770
03894
09990
04694
13890
02412
14270
05052
11548
05457
06292
11232
13247
02163
06017
09343
03202
04551
04813
13820
05941
13504
13465
05735
13433
10508
09832
12811
09241
04083
04482
10725
06984
09483
04739
04598
07350
13065
06396
01367
12199
05690
03884
06283
05120
12644
08431
13909
13363
12256
08261
11556
13865
10581
02943
01689
01313
03952
12595
07781
08727
12431
00408
05274
10048
11243
01051
11546
01491
05278
12027
14180
09162
11786
06079
11385
07570
04185
07722
11048
08481
14170
12789
03771
08461
05669
12337
13067
03825
02921
10826
02423
10782
04407
00566
11139
01048
10200
08546
02176
11622
13772
02177
01847
10854
06695
00478
01265
07271
07564
10866
12973
09950
10713
06335
13110
03928
02603
02971
05858
11990
03537
04919
12234
12864
12275
08079
00707
04175
00547
13801
06020
03898
08104
00315
03128
06475
06076
08905
01357
07454
07314
10214
08046
01425
11330
06664
02189
00079
14146
06275
06734
02304
00164
04367
05819
01854
10077
12691
04885
06172
05313
04789
11390
07483
00095
03968
00854
02109
12255
02150
02968
00324
02156
06915
04559
05992
12633
09184
11040
12749
05934
01989
01575
03939
06216
04846
12908
12063
07335
06357
01042
04000
01452
09222
05610
11517
00853
08808
13421
12855
14065
03842
09486
06228
05925
11931
13917
00648
11449
05173
12978
08154
00753
09613
13071
06132
04657
11312
00529
12926
09933
05203
02105
04585
10325
00838
03056
08359
00951
08211
12726
07963
12291
12109
01560
11204
12166
11003
02164
04792
07143
13030
02800
08664
06873
14063
14226
08037
12628
03893
00638
05909
11252
10822
01958
08830
03281
01301
04094
00495
09887
04960
11545
03290
09477
00711
05062
13032
10659
03791
02374
05838
07682
07330
06067
07821
06916
03525
00897
04820
01194
00107
02300
13882
02746
13044
14243
03836
04501
02624
08172
00737
12185
10556
08628
09778
08998
02336
02246
01939
03301
03635
09154
07608
04034
03247
08904
06776
07187
01496
01718
03540
00899
11585
10821
09711
12989
05806
09170
05365
00459
02124
11746
13860
10491
01666
06715
10918
10885
07387
02240
00971
07833
09860
05956
12037
05320
14190
02642
11764
04202
00251
03666
00104
08222
01951
04120
05429
02640
11687
03907
02061
07502
08358
04708
06351
00092
11429
12267
00611
08103
10489
06671
05017
03163
11408
05569
10176
03220
09468
08988
01691
14258
03225
09173
00105
09979
00203
12301
08218
14168
10410
05708
06264
00698
12693
04406
11936
10417
10374
08989
09511
08687
06551
01375
03500
06352
13475
02006
14216
11225
01953
10900
04401
02199
01135
08284
02320
03091
11463
04410
07680
08848
04422
02433
04774
00918
01129
00200
02400
03196
11179
00084
09764
11742
10249
09385
09773
00802
07394
13104
01271
07888
04861
13195
13368
12917
08873
01877
05092
04362
01041
05285
01172
02549
01464
09805
08563
07248
08086
09916
10101
06535
08236
13527
01522
12421
06721
08052
08564
03236
12182
11118
10638
06929
03052
13207
09725
02379
04127
00781
03312
12191
09820
04895
07620
05095
06273
07054
00419
10641
02545
11972
09454
05304
04887
03929
12639
09577
07349
08919
07377
07651
11767
11235
09608
06098
01579
09695
01335
05087
08249
10313
02294
07279
03257
09419
00952
06688
09572
02831
03355
05881
10132
02119
02898
04183
10050
11128
04967
03577
03931
07859
03268
12779
06616
12405
00752
09400
10853
08059
09209
06295
00551
10187
09167
10257
05889
09463
13912
11388
00653
09498
01459
06039
05865
03927
03049
04440
11086
09491
00759
13901
01316
06679
09524
09190
00926
06160
09934
10684
01430
06733
01141
14238
11450
08193
00550
10086
06766
01619
11608
09052
03188
03619
05494
06316
02420
07953
13984
06615
04737
09134
06840
05562
00112
04949
03319
03442
11831
05341
01504
02441
12665
09521
01880
07366
12853
12912
03395
05660
08262
06068
07926
05882
08063
10284
08685
08487
07071
06685
10689
12080
01875
13225
04334
04675
01644
05676
11382
05042
04515
05404
11650
09485
00995
13090
08553
13617
11236
12721
03407
07574
10431
13877
03023
07020
11543
02151
12021
14110
04983
06094
13760
00063
03712
01285
00655
13139
06742
10507
06065
00661
01269
07429
08208
06353
04504
08818
00622
08354
08755
08305
02865
11757
14129
12122
09789
05526
12868
03357
00719
08773
06773
03297
04817
12679
07599
02146
02662
11724
12483
07741
00135
04121
10967
10338
09198
00357
13056
02998
04876
04160
04730
04645
07918
10663
12298
04722
12873
06162
08422
05681
13609
02403
01723
08005
13009
01230
06304
06545
05961
02600
11647
02467
03703
02026
04781
10362
00873
01208
07558
00467
12731
12379
05178
01693
13569
10716
01153
10318
06008
00070
10079
03879
11231
04762
03079
04793
12310
11189
10691
01411
07019
07652
13173
13869
03165
05007
07292
10300
07117
12813
02469
09487
08956
11867
12430
00726
14122
06559
07305
09429
03618
06807
00859
12852
07606
01021
13389
11487
06473
07281
03849
02485
02762
13542
12010
08420
01853
13296
14197
13855
09490
00124
07709
02692
12247
01764
06569
02376
03774
12792
05292
00820
06827
11938
12658
02767
14175
05785
04553
03637
03725
02035
08528
04997
06993
07401
10952
14041
00890
05773
12971
02668
05778
10763
04827
00812
03318
01908
03294
03858
01834
06722
13330
01856
07537
12190
08457
12706
00364
01127
08715
06189
13047
00901
04428
12599
06931
02555
07957
06166
10245
09633
11439
03075
12503
04810
05946
04996
02283
09870
03520
05338
12202
03691
04385
00900
05522
09629
10804
00163
06602
07346
09638
10213
08105
13951
04028
11614
03408
06070
12023
14189
14276
03983
08497
06995
04350
10137
13822
02239
10381
12895
12090
05683
09882
12542
06867
08854
06821
09020
08596
03542
05561
10632
05631
01214
05377
00832
03638
07939
13906
05994
13675
07938
10403
06231
03667
14035
09405
01159
08849
02614
00077
09141
10233
04871
12961
11430
09522
11159
13621
11274
07422
10496
11057
00937
02333
07701
01268
08915
05474
03263
11840
01637
00024
11477
13026
11357
03352
08458
12802
04128
02936
01911
03922
00941
05521
06894
03988
04847
01047
02594
07718
09657
07727
09279
09715
09810
02733
08064
00907
03799
03589
01686
00139
03946
02238
04607
12139
01192
00714
12645
10538
02842
04497
12497
07519
02615
00088
07942
10879
10844
01919
02819
12569
07467
04632
11110
09142
07700
08857
04269
03686
10411
07875
12378
09891
01759
12294
06456
06966
10646
13297
10889
11289
08470
07969
10127
02651
00663
13835
11835
08597
10569
12455
04899
06232
10819
13598
13212
12766
02811
05186
04666
00755
07788
02114
04253
04111
11782
12469
05076
04453
12477
05151
06701
02567
10170
09275
00292
06220
07112
06898
13930
04063
05820
12831
13177
00045
10863
14030
10361
02807
11358
11678
01427
04074
03796
11640
07590
05226
12905
12398
01729
00932
05647
10085
07518
13222
07542
00579
01310
01836
10546
10237
07274
06982
13211
01743
10785
01986
00894
13800
07293
02043
05254
02999
12664
14045
07097
10076
03872
00452
07423
08300
01649
04371
02218
01325
07614
09244
07958
06775
02813
12491
05659
10645
00672
12260
07587
07107
11359
13142
03232
07857
13302
05337
08433
07194
05480
13770
03564
00080
01595
14064
08677
08003
08288
02497
00340
05324
06031
01077
05319
09673
09797
10051
11191
04567
03955
04133
13373
07637
01936
14245
10550
00206
14084
00922
01614
13042
12747
07431
13742
09084
00936
10723
01450
08934
13279
07297
02833
09104
10825
02487
11413
10501
14234
07891
07555
07643
01529
08417
06806
05351
09191
03423
11051
05974
04582
06427
10474
11324
00247
08164
11642
06987
12084
00911
04590
11434
13592
09246
06986
06670
03818
03307
09801
07749
01131
02373
06055
10828
05479
13353
14231
01680
09646
10773
04999
03650
03468
04562
11974
01085
00795
06395
11947
07041
12954
01059
05902
10873
05592
01557
00984
04575
00148
08048
08538
10456
02532
09631
09507
07303
13509
13665
02365
02112
13209
11286
04965
01608
11883
12468
02872
01998
12209
08232
06941
00011
10407
04815
14069
12062
10062
11901
03820
13807
13343
08453
08312
12305
05672
12903
00713
06723
14199
07666
02788
06912
03204
13175
13232
01738
12353
04118
12520
12759
12549
01501
08931
04922
05883
03272
12614
11526
03821
06887
00987
06050
13059
09496
11594
08058
10920
07607
10467
03570
13546
03561
10803
05713
05275
11011
01354
08252
00367
00156
13153
01822
12495
13223
03683
06022
05911
12496
07127
13976
06158
11416
10437
11332
12760
11595
12110
07497
11627
03462
04805
13918
02785
12980
12308
00390
05181
00396
13894
08364
02508
08612
08083
06245
09301
01221
06823
03011
01887
02513
12144
04257
10896
00174
12585
02099
03373
11698
08501
01590
13254
09653
12465
12746
06540
06843
03471
03460
03682
02691
03914
12094
11319
08020
08256
11540
11660
13000
09325
08518
00149
11560
02454
13657
00950
10280
03030
13276
12466
00633
13240
08579
07612
12116
04521
12350
13886
05261
05233
01519
12042
07780
00533
10056
03664
04686
04044
04647
06210
06083
05701
05111
02141
07500
13949
08605
01917
02352
01119
07232
03794
13269
07224
07923
13825
11576
08466
03973
13562
05179
02527
04191
13498
09169
06483
03313
12192
00613
06319
08694
11426
03493
07764
02617
03324
09984
05847
01401
01315
04275
13522
10238
10502
09336
05861
07683
00464
10829
01480
00205
07080
09706
09713
11671
08527
12323
11748
07163
06446
04510
08255
14016
12889
00412
00903
13290
07029
07773
13214
06434
04382
04873
08331
03937
08614
13561
06513
02886
13782
01318
09185
04031
11145
13823
04231
10128
11249
08286
08409
00232
03185
10028
07050
11860
12774
00527
00949
01418
11619
10266
01023
02200
03260
04812
05134
04597
10046
14188
10247
03659
05740
03720
11192
01442
06759
03615
00892
13986
10146
08016
12911
09885
01446
11269
01685
10036
07348
09118
01045
10926
10301
11940
01435
10290
10088
10432
11099
13792
04433
12351
03303
05006
00068
08334
07206
10953
10383
02749
04215
05268
02185
03826
03987
11633
08153
04442
04681
02103
07060
14196
12011
04565
10340
04403
09413
02094
14022
08893
03404
04003
11270
12150
02518
02361
10421
05086
01963
00716
13584
07011
01634
13928
10420
12392
03551
03371
02997
05216
02834
06768
01612
01349
05169
12647
02183
07465
06371
03153
10591
07933
00075
02337
06309
03827
12210
05293
13424
10333
07576
11889
06239
02190
10730
11197
09826
09945
06255
01946
01664
01183
14254
10793
12506
08530
04680
03687
01413
04474
07565
09076
11890
08862
00845
12462
11908
00691
04291
10600
05687
08120
09315
04263
05161
09534
08490
11804
13699
07863
08007
08539
06490
11068
03403
05608
09940
10414
12154
12902
06462
02933
04897
13975
10627
00929
02417
06207
02266
08321
09278
06301
02226
14257
07286
06430
09263
04788
03470
08611
00270
04499
07867
00217
04050
09124
07116
03155
07452
03435
03325
03053
07181
07433
00071
13303
13750
08820
14162
09517
06914
09967
11328
03881
06120
10347
11219
12519
13411
07406
11267
05409
13809
05082
03215
13791
02206
10465
10648
00481
08140
02249
09161
12964
07447
10535
03853
13766
09529
04850
06333
05763
05065
12277
09355
05963
00953
09333
02832
05967
08666
09585
09497
13307
08970
12443
12419
09825
05231
12236
01252
01180
08519
10332
13111
02108
08901
01046
08585
13563
08554
12152
07269
10029
02227
05129
14266
10783
00286
12615
10872
11776
07316
00864
12990
08574
13172
10768
08646
05769
10737
12250
06122
14260
13564
07879
11111
14128
10483
00848
06508
10205
06002
05900
12178
12582
01359
03899
12287
12882
02293
06438
03610
03377
01254
13741
00428
01684
02661
06656
04969
12054
07263
00326
14181
12056
04538
03911
12923
14248
08090
07342
09285
11942
06529
01211
09128
08971
13391
10944
13720
13022
13308
09599
03103
05520
13328
12279
04573
11527
13711
10656
02761
12828
09210
03136
10893
08201
08035
07410
05428
12356
09219
11263
13806
01827
08577
08598
00588
11792
12817
10033
04889
03190
10830
11066
03709
00525
06631
10798
12284
04842
07671
00422
03514
02973
00376
06143
02916
11852
11166
00372
05162
02463
03653
11856
02812
13868
03959
03678
06820
00524
01060
05410
11453
06131
05053
04902
12039
03439
04511
06052
10668
07119
11208
07968
12500
10692
10981
09628
10091
06568
07024
05188
14195
04423
10560
00447
01479
11981
06581
14198
01352
12865
02346
10323
12999
01296
13284
07801
13251
09394
13141
09071
13450
09310
12968
00042
00542
03969
03611
09156
04698
00827
10396
13256
05954
02963
12854
10837
08828
05054
04057
00431
05587
03978
02221
07027
05811
10669
01173
13548
12352
11010
08991
12775
05352
02079
11930
00373
14023
01791
06710
07188
12348
00780
11006
04701
06553
11404
07613
00065
08380
00979
13749
11774
09846
11959
11246
04005
00783
06709
04863
01167
04952
09306
07723
07619
07211
07728
11624
08001
11926
06822
08795
13756
09098
08526
09342
12471
05731
06971
12382
00221
07384
06949
12381
13383
13144
02748
12994
07427
12578
06564
00470
00942
12604
13942
02139
05230
02369
01930
11754
05828
11703
10983
07964
03174
05864
12890
11164
13516
07724
07769
11089
00743
00666
08166
04750
00176
09597
12780
09681
11505
11351
02408
08392
06650
06141
02990
07522
12725
04089
02649
14145
05574
01598
06099
06061
08425
01509
13781
03545
02663
04854
10724
14221
12723
01968
07762
08025
08462
01894
07853
14024
07602
02512
09721
05636
07917
07067
03494
05723
07952
01309
05873
11443
08813
02169
04954
09881
07030
12459
06364
13754
03437
04625
04330
03195
01288
09453
00370
05504
09915
00705
02274
11737
01353
10070
05339
11217
01661
07075
05126
12530
08568
07895
07594
08555
02005
06445
04041
12488
00509
09189
05369
01326
08936
01415
09421
03229
09035
09075
05586
07295
04143
04096
08686
10693
00973
08258
02321
08633
00190
01281
03584
12396
03770
11692
14097
12385
12031
10140
06496
11168
09213
05147
02592
00320
05088
10272
04144
00574
09207
05662
03531
13155
08918
02038
09357
02790
07883
01291
09061
12366
02522
05711
04649
02121
03793
02744
05148
06080
02272
04693
02774
09720
11712
11802
00645
10551
10427
10871
09502
04480
02069
01651
00302
13919
06992
02903
01589
06938
10609
07779
09648
02850
05137
12716
10701
07326
01967
11646
04329
05114
04905
10681
04363
05720
05957
13773
06423
09346
06612
04713
13019
12887
03745
01747
06148
01002
01102
03013
08696
11273
11091
08100
12986
07203
01366
09672
14101
10685
11793
04777
06985
11251
11323
04921
02152
00741
03066
04023
02648
07215
00751
09304
07993
13268
13677
13896
01561
12705
12507
09257
09716
11631
09102
09897
06268
11891
02328
10635
03354
14186
01776
06288
03309
10545
07328
10884
01293
11997
01594
10207
06778
06455
00323
03211
11069
09733
11563
05248
13156
11210
06530
11106
06651
06149
10950
09350
07830
09727
11393
07638
01804
11096
03095
01347
04875
06851
08277
06909
04735
01889
01806
05165
13094
03844
04217
08607
07907
12401
01844
00091
08875
00766
04197
09195
11221
01843
07903
01320
09445
11310
06030
09530
12463
08972
01922
03803
10024
09889
03567
04049
11865
11070
02797
04122
05508
05782
11611
00273
12586
03490
09662
11634
10989
00268
10571
01688
02381
06187
06634
05629
11621
08296
09688
00568
01270
07978
03711
01448
05527
09231
07258
06812
06372
12955
12001
07356
07790
08374
10352
08391
03874
07247
08234
01665
02643
07016
10475
03982
11818
13179
09931
08881
04108
01838
14150
09282
03427
09049
07144
08098
08430
13610
03535
09046
05540
00896
13436
13374
02826
03976
12288
06576
13972
01933
07704
06790
13435
01749
09180
09697
00293
03634
10164
06924
10186
04702
09668
10377
13390
11909
00988
11395
13551
02254
04953
10930
03724
12332
04027
08672
01556
00064
05144
05537
06879
13746
13983
12969
14125
05361
06641
05506
06373
03736
08675
03642
04386
10334
13342
05869
11958
08220
13851
08182
10111
06999
09610
11076
06607
06818
10368
08014
07684
03393
05490
13580
11853
03299
03169
05309
09859
11738
01292
13357
13404
01356
02285
11124
11322
06652
07549
00587
13934
12241
05375
14214
06334
04556
03018
08008
02174
02782
12729
12965
12661
09701
07757
01201
04177
06745
06047
03628
08033
00644
13414
03658
04109
03743
01166
10021
05774
13698
05417
03645
02268
10327
02583
12987
09839
02540
13506
00233
07675
07379
09993
00702
02429
14043
08289
13352
01260
00927
05436
14001
05953
02587
07847
00501
11202
00483
06328
05200
13888
10326
02277
08017
09019
06176
10230
02694
10566
14227
08540
04557
11893
07371
06784
14247
12087
13620
04326
09958
00355
13935
11255
07391
04046
05366
06305
07473
09115
05595
04256
07108
08280
07195
09976
02764
11662
02492
03883
13957
11951
07540
13645
02085
09545
01643
12722
05535
06889
11410
12921
03380
10189
06630
12487
13706
07393
00121
03919
05697
05639
00761
06524
08758
11468
06907
07792
12818
10016
04173
00179
11299
13418
04206
08204
04869
08990
09057
04072
08719
02632
02885
07639
11874
01962
04487
01307
11564
06114
03741
07823
05484
03252
02768
03892
08816
05038
13294
07569
00686
02996
01402
00817
05920
01567
01789
08725
09233
04749
10199
04439
12640
04259
11242
11808
14057
02045
01124
10428
06151
12076
14153
07690
02588
08091
12104
03805
12449
06492
01574
00103
03483
03528
09690
04654
10118
00118
02481
01100
00796
11699
01311
13656
00142
07586
05949
05781
08135
13185
09274
04832
06254
08381
07381
13419
10286
08977
08578
00365
03004
08460
00066
04486
07245
02445
11083
06748
07045
13476
10649
13601
10104
03401
05792
12213
06102
03152
10047
10559
10394
08293
07098
10433
08581
02219
01414
09902
01212
07900
09344
07389
11491
13278
01929
00165
13393
08114
09964
04024
11654
04637
01449
12603
10630
13055
08488
12388
07115
07464
12176
14133
01923
11601
10154
04770
08082
03145
13394
07554
07890
05489
01539
12690
12509
09694
05221
07272
13499
05580
11567
09946
09409
08524
09088
04357
01624
06195
13068
03822
09509
10801
03936
06091
04683
00940
00619
08092
01034
00606
11254
09153
00502
07547
12171
09459
01991
08170
14259
03207
01458
04042
08504
10493
00460
08708
05357
09330
07793
05812
12541
01235
11759
02383
13243
01020
09260
09712
04540
06469
05585
05670
07995
04579
12361
06621
10308
03620
12162
12133
06411
08070
04859
06968
00436
11573
04245
14061
07659
04295
12309
07218
12188
05355
08349
04461
00912
07331
02736
08493
02883
09936
05415
10120
10153
11207
12075
10012
09426
01484
13602
07965
04130
06919
10148
13655
05492
10069
07989
02464
00393
11163
03670
10330
04292
12677
02880
13372
00888
12253
02286
08842
01185
07133
00228
01451
02706
10115
11173
13757
01111
13027
10888
11199
00662
01604
02957
05347
03469
03117
09094
10025
10615
02419
09039
13470
03761
10901
04297
03546
08644
04421
03217
14182
10992
01704
00385
12172
00555
12736
01408
09651
04397
04495
00304
00906
05370
12670
06016
12082
06816
06384
07149
04151
06111
09316
12744
05055
10555
00227
10958
00597
05719
00521
13595
06628
08728
09532
06783
03445
10733
05616
14050
00349
06119
05471
00626
04857
09086
01328
14096
03918
08456
00647
06747
00301
07064
10640
05189
08209
00023
12701
11702
03114
00586
06212
03475
09291
10613
03961
05123
06491
09872
12505
06942
07488
00985
11170
06481
03932
04021
00599
06669
07621
13849
00630
13046
10842
01197
12897
13040
10865
02955
11603
07880
04704
09754
06740
03501
01489
05215
12067
05294
08042
00972
01974
01527
11502
11008
01783
10309
00277
10589
03503
00384
00585
08309
01819
11446
03259
10312
03568
12007
00226
11460
14142
08013
01494
12907
05180
05263
05965
08779
13371
11403
08635
12484
05328
09739
12268
04114
13761
06164
11805
08608
03472
08912
04620
07470
08714
07855
