08581
04729
00153
01676
08476
05372
06758
08012
02253
02279
02161
09483
05246
02723
01896
03195
00311
01151
02859
01958
01299
01349
03907
07689
06202
05420
09602
03552
04222
07531
07971
00376
00020
03548
02365
06331
06182
04558
06876
03289
08785
02043
00608
02500
06765
00710
00040
08478
06285
06879
09668
03519
05242
03118
01764
05448
04736
01039
02371
00448
03377
01207
04020
04690
05627
08100
02264
07984
01036
05590
04976
02105
03249
03560
09800
04094
01922
06705
03787
01376
04764
00588
09771
06721
02087
03582
07683
01168
00507
04271
04772
05099
07691
01191
00638
09236
00374
00364
08840
07442
09007
04254
02766
00109
00349
00565
07772
01483
00206
05257
05834
04491
09021
03916
08986
09205
08074
00941
06295
07784
00760
02054
03304
07012
09097
00271
03765
00684
01011
01557
03272
02947
08867
04854
02770
01281
04829
01713
06961
06985
02985
08280
09194
04637
02449
02189
00773
00673
07466
07067
04207
02111
02742
02375
07648
01941
05850
06478
05927
05156
04842
06320
08277
02077
09565
04686
09131
06229
04278
07153
01856
06399
03191
03775
03315
07779
06575
05910
00282
07653
03109
02060
00544
07361
00623
04667
04985
05953
00745
00125
06573
04602
02724
03605
02225
07056
09181
09556
08693
03735
03454
03543
03797
06170
04122
03395
08049
03182
07260
06785
01891
04112
09018
04182
01679
09718
09571
09171
04560
03600
00081
06006
08627
05635
05563
07332
03614
03079
06860
07190
05623
06133
09388
09263
06682
07661
00643
07088
01386
08268
03506
00054
09630
01919
00100
02615
02386
09240
06453
05774
01581
04461
09278
04436
04697
00493
06129
06581
06460
00399
08931
02099
02198
06060
01639
08055
06926
06036
07159
05382
06754
00267
06592
08635
01516
00706
08701
00910
01567
05341
01478
07863
00558
00506
08084
09154
02159
01651
09216
08139
08858
01052
08211
00518
04522
09527
09791
00295
04590
06136
06599
00219
05944
00628
05026
05721
08048
06047
09626
01028
05447
01574
05777
04730
02535
04368
00233
00472
04748
01854
06017
02135
06292
07354
06430
07245
00721
01624
08215
04712
05987
09524
06384
08026
03659
02356
00188
08441
07459
08376
01658
07258
02684
04132
01923
09188
08949
03440
01786
04231
06565
00798
06900
00251
00789
02299
07824
03628
06752
06966
00284
04694
02378
09734
09055
06823
01742
04989
02936
08450
03157
02088
05069
06861
03865
08327
04028
02016
08535
00488
01326
09394
07287
09323
08814
05986
00568
06435
02710
03936
01661
08296
00947
07439
05932
03438
05757
08716
03520
04018
06005
04615
08587
00899
07685
04635
09505
03397
00259
03251
05820
01796
05765
07185
06469
07107
04238
04818
06841
05659
01617
09024
03889
05346
08652
02563
00690
06315
08443
08494
05391
01610
03250
03984
06525
05218
00626
08135
00981
06839
01006
04370
04545
04283
07428
02240
08831
07552
01115
04164
02987
09157
02781
06924
08822
06577
01490
04303
03108
08433
02134
07405
02433
05358
09266
09067
04672
08911
08487
01648
03424
08891
00302
02095
07650
08471
02629
01678
06858
00972
07520
07666
08982
07678
09065
05802
01068
07570
06346
02171
04813
03579
05526
00882
02538
04363
07216
04212
05669
00470
09242
01439
05865
01961
03018
01864
08646
05343
09796
07095
03814
07598
02013
03295
03012
04036
07737
03330
04480
01500
08304
03214
03017
08315
02416
01291
04057
06201
08679
06797
07861
09594
04282
03648
04135
02166
00340
03073
03400
09639
00058
05295
06014
05729
08836
02662
03708
08265
03643
08060
03139
09128
07418
00702
05312
08605
06082
06075
00412
01404
00044
06221
02744
08710
06993
02133
09581
04969
07731
02801
03741
09783
03717
02392
05359
07041
00708
00199
01681
01496
07152
06426
08642
05544
04732
09454
03252
03027
01744
05223
07076
03048
07962
02595
06666
03104
08618
01782
07275
05543
05477
01804
03114
06567
08937
05595
03549
02498
07814
06073
02561
07252
02414
02048
05868
08607
09071
01270
04206
08108
06444
07723
03045
08622
04841
02399
01267
07430
02482
05403
05011
06011
06883
07677
05249
08213
01547
07039
07061
03411
01222
03168
08086
08307
05204
01265
06703
03301
02302
07060
09052
04859
06990
09427
08227
08825
03394
09750
04178
09187
02926
07870
06885
09516
01839
01599
02775
07899
06559
06501
03423
06298
01887
04642
07116
02776
05482
07720
06377
01793
08244
06205
03921
00633
00829
07451
02976
08247
05200
06171
04853
08864
04557
05103
04907
01502
01412
01160
03236
09358
06161
02932
08768
08515
01427
01046
08965
04598
02752
08322
09759
01094
04892
05726
00390
01294
09535
01213
04588
08930
03565
01352
04711
01980
07727
07171
06711
06775
08913
00228
04651
01193
08314
05027
07406
09284
06648
00191
00443
08816
05784
08029
00007
06500
02466
00821
06755
05025
09095
08958
07950
09447
09615
00965
03260
06153
02031
05501
05260
08289
02843
09696
05888
00120
05535
00373
08997
01438
08579
01879
01393
07266
09632
09302
06180
03884
04394
00131
07352
00319
04811
09162
05602
04456
09366
02172
04552
01403
05019
05171
07192
08383
04192
01146
07393
02534
07901
06078
02664
01091
01910
07785
02600
07259
01889
09509
04457
07763
04288
07998
05287
01683
06624
00365
01806
04124
07445
01297
06325
02841
06750
01358
02091
00989
08359
02260
00381
07005
03259
05800
00116
01394
02220
03417
03667
05570
06875
05533
00247
09648
05004
04920
06174
02842
01631
02052
04834
05832
07934
01032
01731
07156
07188
05491
09558
00122
00436
07068
08202
00143
05919
07118
01150
07643
05192
08303
06239
04208
03069
04636
03241
08551
04932
04965
08608
08115
05941
06434
09062
09304
03273
03084
02212
03561
06732
01916
05614
05186
06217
06647
01644
00039
02833
06023
02499
00719
07605
08626
09280
01290
02307
08177
08522
04994
01766
05368
07036
01105
03312
00398
08466
08726
01268
00822
05871
03061
07145
00273
04139
04140
08520
03788
09665
05714
05620
03148
07103
01472
09627
05066
05145
06282
08723
08386
08102
00424
09480
02072
01184
02497
02977
06953
05742
02741
02182
04397
09170
07324
03697
06342
01305
07297
09248
06780
03156
05436
08214
03176
00450
04946
00587
04445
06382
06396
06046
06273
09290
03268
03355
05440
03740
08942
03866
02180
03646
06022
00961
03043
04800
09638
06228
06669
00023
04652
01985
07334
03653
06103
00272
04248
08446
03318
00380
03544
09625
04156
06002
04148
05578
04214
09658
02935
08143
08065
01560
05392
01159
05005
02462
06676
08898
06370
00309
03858
04168
08859
02633
03760
03354
07429
00223
05014
05591
07388
02288
05123
05469
04026
08493
07992
09485
02315
03753
09166
00438
03261
00995
06602
00056
04253
04251
06989
08071
07052
00615
05251
06830
03184
07243
03081
06576
08694
01812
04821
06634
00051
04111
07889
08199
05867
03368
03076
06293
05789
02479
04643
05377
03661
02898
00997
03323
04497
04997
06981
09108
02453
05530
05278
02908
01570
08163
05084
09116
00475
06024
02351
04319
09114
08978
04001
09541
07888
06118
02544
06511
01671
07903
00916
04043
03957
02471
08134
01800
05354
05455
09500
01975
08133
08629
07654
08848
02005
04157
07968
07841
09465
08501
01524
01227
01668
09681
04244
06355
08862
08305
05244
01738
04908
09365
03040
08245
00261
07836
02440
02983
09074
00781
08157
07239
03437
00461
02788
01548
06000
04047
08765
05234
04430
02012
08149
06142
03849
03732
04523
00504
03353
04658
05812
05687
06001
02332
06631
09375
01335
07478
04407
01096
06784
03801
01932
07541
06343
06306
07578
00097
00404
09612
04123
06653
02559
06397
09197
08907
08467
04663
05581
04955
04141
03282
03847
05625
08475
09406
05211
05692
08200
04154
04101
04569
07377
01811
06374
05861
02084
07146
02550
03564
04564
03192
05008
00696
01660
04746
06194
04890
02055
08526
01408
09231
07612
06840
02200
07676
05331
06974
07633
04492
06261
03911
01691
03019
05449
04459
06363
08643
05904
01533
08297
09174
05077
01365
04462
05579
03877
03682
03231
04534
04305
04145
05340
00809
01471
02774
00661
08525
02324
06617
03687
02700
03779
07506
08537
00692
07869
07682
00539
08797
01085
05676
07241
09620
06058
02019
06160
08216
09492
07752
07867
09037
07949
01289
06712
01978
03826
09736
01559
03747
05172
03872
07249
00425
04443
02352
01182
01431
01302
03428
00123
09526
05298
05580
06884
00660
08784
06322
05143
09472
00792
03595
06987
00256
01468
07874
00868
07274
09245
03453
00479
06891
05245
04798
07209
04959
04373
07314
09682
04506
06056
07559
06351
07199
00132
09567
00593
06436
04555
03566
02269
04706
09160
09720
08405
01059
01807
03649
00255
09182
07443
07368
00067
06771
03540
08374
05715
04583
01690
05373
00189
01136
03499
03077
00950
03299
01128
03277
00670
07392
00777
00703
06503
09393
03677
06098
07357
09517
00140
09459
03206
03988
06266
03772
01020
05345
04675
07018
09126
03068
02757
09583
06057
04948
01981
09377
09033
09244
01065
04762
08217
03410
06929
06099
00601
09608
03447
03669
06387
03642
05435
08075
09317
07569
05048
02081
01857
02644
03829
08914
02165
05540
01579
03278
04945
06386
06774
06277
09262
04926
09256
00323
03733
01414
08197
09766
04089
06526
07415
04717
03882
08038
08641
07694
03518
07813
09252
04128
01682
05129
02243
05281
07786
08309
04515
04527
01047
09324
07647
06291
08747
09384
07082
07670
09023
04053
08600
06471
04027
07121
02169
02739
08745
01815
03596
07338
01706
02635
03189
06468
00602
07858
08936
07745
08207
00971
09515
04656
00310
06367
05098
00683
09642
00401
03193
08368
01338
04211
02132
05486
05196
08558
02971
07640
00527
03074
02869
09798
02735
08654
09321
09124
00993
07846
05876
07426
05055
05179
00563
02261
00785
09035
09609
03973
09229
04930
09619
02101
00904
08052
05907
03121
07515
08104
07449
04561
04104
06808
00422
06105
02032
08317
06276
00886
07154
05430
07618
05977
03878
01962
02938
02613
05065
09486
03011
01481
08524
09606
07883
08373
07464
06021
07213
00065
07436
03419
06176
05637
00872
02277
08281
07495
02257
04302
07891
08850
01535
05081
00793
08512
05317
08407
02283
02960
04971
06288
00012
08585
04068
09118
04309
03557
02714
01306
00137
09506
05412
08720
06164
02450
06490
08877
01286
06632
07416
00299
00344
01116
07582
03071
00127
06050
03145
07593
06101
02387
04768
05280
05401
02245
04880
09123
01462
02286
02888
02836
05113
01336
09481
00775
08342
07165
03962
05598
06901
02434
01540
03415
08085
02049
03022
05517
03937
08003
08370
05992
01308
02410
06341
01723
03841
00064
05984
03340
09249
07681
09670
00743
08902
09232
02083
07461
09801
06334
01663
07250
03484
02701
08714
08330
06642
04221
09066
05080
05943
04341
00864
00144
08568
06643
08292
05945
06455
04495
07070
05773
01693
04872
07965
08093
07805
07744
00104
09342
06833
01818
04514
08310
01442
08282
09312
05577
04403
01464
09042
05309
02340
01098
09094
01236
09047
02203
04696
02697
07583
00581
02422
08223
08689
03240
07954
08037
04513
04725
09227
01521
03505
08041
00503
06684
01312
00350
06589
04605
02598
04546
04767
01390
00110
06376
00740
04070
03820
04648
05572
07344
02773
09129
00748
02156
04931
00512
07150
07561
07215
06441
07545
03920
00877
07913
00873
06762
06534
03166
00388
01334
02603
00407
00098
00959
08804
05914
00919
02413
08442
03432
06744
02298
02689
08328
01874
04618
07527
01409
08375
09777
07069
02143
05291
04286
05137
03977
07316
02090
09340
08169
08288
09490
06054
06772
02931
06882
00762
05013
08597
09224
09645
05664
03037
05753
00490
02708
02527
07408
03141
08489
07431
09603
08190
09475
02530
04548
03390
01817
06321
07122
02873
05679
06603
00062
07322
00867
04243
06714
04187
06152
02313
05771
03490
04279
00378
02321
02176
01939
08950
01826
00451
07148
01093
04668
04194
04270
00853
08431
09149
07282
00508
07602
03689
05490
07481
00171
02897
06683
04030
03719
07722
01314
01859
00010
09161
07662
09564
09738
01988
00265
04986
06868
05917
08390
04702
01801
09210
04864
04947
04789
06258
06132
04458
03457
04146
09239
01422
08532
02348
08421
01745
02619
03494
08546
02475
03475
08860
01872
01601
04415
09159
01129
01454
09752
00326
05507
02076
09360
07983
09711
02318
06905
07099
02786
07939
03958
05170
01696
03617
05942
05400
02892
08847
00869
01049
08123
09279
07308
06671
03917
02694
03007
07604
02140
03536
00351
01508
01104
04252
06063
06646
06854
00414
07055
02959
01076
01423
06611
09373
05087
02562
01050
04777
03042
02589
02502
00102
07521
09028
01080
03183
08639
04260
08952
02924
04008
00982
07251
07510
02771
04147
01122
01058
06140
07419
07930
08456
02394
07707
06702
07687
07019
08054
00306
08744
02610
01239
05644
09086
02304
01798
09222
05783
06042
05351
07400
05667
06609
07387
04333
01148
03164
00519
04073
03350
04172
03450
05180
02978
01562
02308
07730
01775
09593
06029
08034
00830
02476
05991
04483
06916
03493
03258
02580
03591
02663
07529
01205
00227
06483
05883
07229
03831
05078
04095
01459
00203
03253
05545
01263
00249
04088
04719
09512
02554
02543
07253
07160
02403
03546
02445
04039
06749
07376
04692
05157
05900
04940
02320
06158
08366
02812
03641
04329
05283
07301
08153
05166
00253
08136
04056
09408
09335
06956
02347
00338
02452
05441
00811
03481
08713
00878
09643
07860
08531
05089
00573
09523
06003
09508
03693
01993
02827
05224
06946
07089
01272
07608
00093
05600
07064
04901
07563
01274
02271
08894
00217
06139
07795
05082
07318
03075
06570
06392
06283
06048
08976
06422
07433
07575
00046
05111
08042
04197
07205
09363
07311
02002
01238
06353
00179
01747
04576
04993
06223
03584
00612
03421
05699
05709
02845
02857
04956
07045
07928
08461
04431
00169
01931
09383
01433
09779
07265
00014
01245
04883
05703
05265
04727
04698
04983
07724
01656
02435
03013
07224
04739
05194
02461
08760
09729
03704
01734
09003
08212
07546
04487
01937
07973
02526
02218
01576
08357
00988
06335
03213
07305
06936
05760
01755
05365
08159
08990
09098
06415
01894
09773
00812
08347
01996
08339
04080
09795
07257
02622
06085
04301
03275
02655
02564
06076
09599
00352
03339
06898
00150
05893
04571
01955
09456
08460
01131
08285
05409
06914
07111
04817
09092
01460
05870
05214
04716
06686
01000
08648
07263
02349
08577
04808
03953
06262
08706
00496
01667
04228
05191
09453
09452
06010
08226
08959
08399
07207
02089
09704
07764
06796
08780
02687
04715
04390
03964
02366
01223
00583
07642
08905
09420
07773
08381
06427
07401
03631
03629
02966
00415
02893
04645
01949
00048
09595
06734
03459
01858
06203
07819
09060
02328
07312
05775
01905
00619
09422
01718
08272
00831
02058
07976
09399
02080
07395
07079
07270
06301
07797
00928
09180
04804
07077
03616
08325
07600
01936
06310
04421
09121
02370
04355
06709
04388
04293
04670
01590
08665
03405
06811
00296
06178
05379
00510
06723
03436
04086
02709
02337
06271
08240
02312
07587
03430
04543
01525
08649
04424
01042
00275
05673
07189
05425
01254
05114
08929
09762
08683
06957
02310
05965
06541
07375
06485
04396
01465
05814
08798
04879
03357
06968
08555
09015
04274
06607
00836
06678
05134
09199
01260
00242
00669
05148
04805
00522
08614
01967
07470
06263
09346
02430
08164
03624
06116
06564
08676
02679
06820
07350
03316
04413
05671
03399
06593
05426
09663
02009
08779
09186
01204
06972
02799
05606
08856
09177
02397
07197
06028
05250
09020
03638
05047
06265
06622
04752
08028
02783
06620
04556
05661
00337
05202
03862
04852
06909
05821
03925
08008
01215
07702
04366
09640
07382
01901
07172
08235
02732
06673
08404
08193
06790
06510
02008
00747
04856
04398
02519
04586
04791
07746
03031
08766
04350
05411
09491
03657
08377
03856
08711
06137
00482
05790
04815
03004
08046
01991
06390
02586
08769
03725
09792
07672
01538
06296
02407
05966
02659
08479
04518
05040
09749
08519
02192
01219
05344
05964
01509
00250
03904
07219
04116
03995
01976
06873
06226
07317
05750
08983
00410
05950
05151
05712
03288
02338
07093
01142
03185
09560
06869
08818
02418
02103
05713
04951
01843
00080
03111
01913
06297
06827
07627
00334
08259
04096
01836
00582
01774
08832
07424
03581
05124
06691
06657
02064
05410
04220
07326
05352
09799
05375
08492
07131
03881
07862
08424
06991
04894
03675
00481
03313
04498
09213
02731
00464
09022
02142
01216
02911
00172
01750
05588
03696
02861
01040
06369
03676
02995
09411
02363
08161
02596
07468
07788
00889
02998
00193
00667
01626
07166
08853
07208
04448
04031
01391
03409
01456
00948
09576
02649
00243
04828
06610
04041
09600
05169
03122
02388
06812
06027
01558
08663
01366
05825
08242
06391
01756
01045
00397
01732
00229
00974
01865
08678
02578
00445
01381
06977
05195
07555
07664
01171
01243
06200
02017
03228
09255
01680
07660
07988
04609
05056
08389
02401
01489
04507
03113
06685
08971
02082
06591
05068
07110
04326
02459
04641
04950
05689
06290
08284
05655
00577
01914
02652
07234
07141
02743
06847
06482
01785
03869
09540
08496
04262
03167
06862
00160
00786
01278
06745
00542
00689
02806
09367
07321
08842
04843
05398
01152
01163
03501
02585
06958
06012
09235
05776
06345
01584
00492
01915
04029
00485
06515
04365
07293
01010
05035
08413
07272
04975
09464
02463
04247
02722
09688
01952
02137
04129
08695
04473
02441
01130
02021
01405
00727
01310
06887
06413
05554
05184
06248
03895
08469
04351
00258
05510
07127
01075
03834
00752
03030
01708
02472
07271
07558
05955
08513
00930
00800
05139
07624
05782
05269
05117
08110
06462
04581
03592
06505
05360
03836
06030
08542
09525
06114
02678
00033
01608
00532
05688
03446
01517
04446
01827
02250
04416
00274
07489
04650
00459
00136
07577
03328
04161
06447
02233
06866
04582
02265
07101
04314
06475
05806
04429
09721
06358
03948
08981
02611
06083
03789
00437
09742
00790
00385
02914
01592
07143
09179
06401
00526
06224
01968
07381
09320
06627
08236
04885
09087
07985
01017
07102
02986
00580
00909
05053
02573
00813
03128
06317
00220
02660
08812
04876
01986
03090
05458
08964
06473
08603
02130
03755
06406
01497
02473
06878
04676
00324
08879
03627
01612
00513
07175
02802
06668
02044
08788
04562
06352
04438
07751
01846
00369
08732
07759
08016
04276
04315
04980
00746
03097
00262
09552
09744
07454
09331
07355
02693
00241
00078
04494
02455
09110
00004
00528
00646
08484
00926
01195
09198
03209
04906
08194
08570
01918
03303
04970
02235
04888
09769
05197
08070
00025
05238
01956
03131
02798
08582
02050
06931
04380
05427
09746
05030
05697
00400
07574
08477
04468
02765
00037
08764
01070
01410
09271
07581
03636
09598
02626
00797
04013
02311
02565
08132
05016
07086
06264
08369
02552
04687
09635
06299
04909
03745
09419
08946
05881
03933
06733
03070
04493
04313
02290
00134
06965
01537
09165
05864
03149
06149
08228
04783
08417
04585
02128
03637
06167
03106
08225
03554
07721
01361
00736
00162
05349
01700
01432
06997
02051
01259
04695
05163
01143
00429
07366
06821
05054
04310
04682
08419
02353
09016
05759
05177
06015
00531
00509
08724
01211
09610
06738
07808
06746
04091
07085
07859
02119
04786
04133
00591
02851
03020
09191
07538
02650
00911
06484
06522
05388
08681
02623
07469
06332
01897
02417
01055
09641
08573
06421
00187
02367
05822
07523
08148
01970
02548
08756
08521
03384
02855
00200
09438
01369
06464
05466
06941
03052
03998
08878
06552
08186
04268
07485
05233
09405
08815
02424
02661
07530
02303
06817
06210
07978
01137
08757
05675
03952
05326
04790
07566
06638
05496
05397
03609
04015
06922
09756
00538
06138
05550
06405
06934
08178
06087
01504
08737
01890
02525
05045
09488
07765
05178
03665
03194
02805
01849
08662
07780
09101
06092
09690
05872
07423
02529
05701
08590
07659
07276
07000
00118
08031
04464
08170
09100
05891
08146
09683
08237
04541
01329
06385
06108
03202
07991
00465
05899
07179
03165
03014
02327
03738
06697
02556
03610
01799
08283
01929
01600
06550
09538
01907
05292
03752
09735
03418
04226
05647
00621
01895
07030
01348
05538
08657
02194
02670
00075
08528
09288
04867
00648
08602
04629
07132
06074
06184
05560
02592
06368
07619
09712
03757
07226
09410
04090
07946
01711
00291
08963
05615
06241
06020
04198
05241
02448
00915
05660
00561
06945
08987
05119
04069
05833
07283
07980
06880
02927
05138
04594
08011
05127
04444
08279
02777
04308
07626
03551
04500
08651
01200
00439
07448
06856
03281
09138
01474
02871
02024
06008
05102
06949
06906
00856
08033
09151
02918
06146
01702
07397
00897
04160
04533
07296
07690
00818
01992
07656
01672
08230
08005
02301
04006
04114
05126
09218
02446
01862
01476
04143
01829
05484
09361
04863
05133
09794
04306
02107
02989
07920
08121
04614
02247
05237
09739
06578
00695
04849
00491
05739
09714
07032
00213
01613
03808
02489
00290
09376
04703
00967
05362
02045
06995
06151
06793
05897
04647
09093
02648
00597
02149
01532
06718
00741
08540
05922
00009
09178
09646
07547
08341
08427
07027
09449
07584
04620
05174
09169
04838
06629
03389
02840
02715
00862
01573
05558
00356
04072
03062
05980
03326
07873
08474
02691
02454
03786
09370
03602
03736
00840
03140
07753
01364
08615
05348
08793
09214
07053
05877
05988
08771
03173
04344
01282
04714
06717
07320
09737
09000
03541
09103
01071
01078
08566
05229
01987
06038
07124
06529
08165
09355
05461
07022
04137
09175
06055
03900
01013
06443
03778
06188
05093
02571
00875
08921
08696
00990
00423
06583
06324
00511
05296
05002
06594
04414
04317
08954
04673
01437
06219
02306
04741
04902
03038
01327
01714
05443
06187
00471
03050
01959
00446
02901
06476
03393
04526
06175
04877
08440
08420
03795
03824
05478
09684
06587
00417
09740
04312
08934
09223
05622
02038
03883
06572
02039
06039
08232
03570
08073
05001
00353
03751
05574
05866
09251
07904
02470
02309
02273
09275
03170
03623
01633
09369
05385
07098
02733
05743
05018
03664
01729
04664
04812
06606
08168
09531
01539
02096
08953
09359
00806
04441
03246
03510
07749
00059
07402
01753
05500
07486
01707
00996
06400
04984
04570
08423
08204
03379
03799
04915
08387
09005
05785
08994
02734
09079
02230
07168
09705
07856
04199
02601
03919
02035
04825
02867
09501
06186
07536
08758
07700
03720
03372
03262
09731
06763
06681
01253
01510
02242
02794
09156
00964
09776
01261
04401
03771
09622
05222
00452
02241
07622
00161
04387
08027
02745
06748
02214
00723
04007
06077
02074
00159
06166
00157
05115
05797
04402
07955
07755
08932
06612
06242
07173
07740
05979
07886
07757
06708
00729
00925
04875
05374
02899
06707
08826
01370
08464
04693
06675
09390
08843
02179
01072
01057
06504
05930
06517
05710
05100
03451
00240
02779
03794
06231
08099
04232
06088
03455
04606
05718
01542
01551
05495
01132
03205
01653
02636
00431
00177
05589
00293
00121
00810
09789
03842
08451
01461
07202
02756
06131
08497
06948
01043
01999
06781
08989
00346
08503
09498
03203
09587
08996
06412
08883
08672
04263
06783
02374
04065
08851
03292
07006
02749
07747
05696
00754
02804
02195
03713
04904
00622
01695
01628
09057
07144
04377
04611
03422
00087
09623
07348
03147
07847
03737
02882
03860
00371
07809
09542
08127
04731
05853
04592
08903
09703
03966
09141
05323
08256
03243
04460
05277
05387
09163
06359
06208
02270
09613
07217
06493
08128
07007
05905
01647
08623
06886
07887
06979
05471
02181
05390
06300
03427
06537
04038
08068
02612
07016
01997
03632
09685
02208
02906
07097
02339
07336
04925
05605
05970
03813
04921
01797
03416
08742
00454
02280
03922
08472
04771
08015
04060
02282
02902
04019
04580
08318
09076
09402
06842
00278
02547
04100
03650
09424
03060
04010
05762
00666
00903
06870
04356
06452
06662
00096
08717
00105
00977
07524
01389
01758
03391
02685
03909
05502
05267
00589
06988
05504
05880
03435
05971
02674
04287
01127
08098
04638
09573
07831
01019
02539
09332
09559
00570
05767
06850
03103
07233
06254
05248
01469
01546
00574
05285
02929
01411
05803
01725
00277
06558
03531
07657
08970
03974
06433
05940
05301
09209
01407
07769
00827
04866
06442
02553
09666
03244
00726
09545
05522
00460
04973
09618
06168
09294
00486
08180
02164
04183
01904
08201
01944
01498
02751
03054
03407
07137
09143
08437
03144
03224
02412
01720
03710
06065
05515
08036
04766
04417
01087
01597
02874
07142
02292
08945
02239
04836
04391
01563
01463
07922
06393
05994
04539
08343
06007
05582
08782
04439
07758
07327
08321
01526
00019
04977
02883
01054
02690
02844
00895
09380
01264
00524
02758
01173
06373
06867
01675
01852
00814
08995
05856
06778
04419
01353
09451
04382
08633
00402
04150
05665
01375
07733
07850
03590
04855
03466
04574
06560
00000
02587
03346
00403
07823
05523
07280
06495
09234
08827
02849
07671
04728
08044
09605
09158
06052
03611
03343
09348
05684
03271
03175
03946
01237
06086
00854
00945
00359
01188
01089
05657
03784
07178
00152
05838
07488
08849
00782
09356
05141
01450
09730
09167
09418
09135
04210
04002
04550
00880
09085
03928
08754
00902
06907
03364
06831
07708
03587
02651
07695
05034
03935
01749
09710
04622
09474
09099
03723
05108
03460
05794
07441
04000
02322
00823
07136
05719
07815
02377
02970
00357
02330
06267
09458
07542
00857
08174
01053
03746
07533
00617
05524
00146
02139
06911
00943
09219
09487
00937
03196
04933
09051
01155
04718
00322
03096
07065
03902
07715
00804
02838
07623
03009
08682
03087
00209
06816
02630
09122
07043
02667
06207
01523
02393
08312
03358
06451
07380
05190
04466
01692
05213
02937
01760
02065
07845
04600
08935
00922
06487
07487
05793
04399
02456
03967
09653
08939
04659
07514
04474
07817
05086
05165
08872
09582
02847
07754
03025
09553
02201
08746
03146
03495
02557
07935
05559
09325
04023
00347
08401
08616
08863
07551
06035
02856
00550
09764
07908
09650
01044
01565
05417
00739
00543
02522
02912
03530
00139
06994
01206
08928
05967
03392
04949
00725
00024
04517
08845
02532
00525
01107
01950
08904
01972
07020
00420
08173
09046
02284
03908
02409
04249
07262
03781
08660
03171
01534
03086
08013
01385
06156
02234
08968
03666
06735
00008
07592
04058
08800
07601
04159
03762
08773
00649
08462
07417
02540
07472
00674
08181
06824
05926
08266
03130
01156
09687
01482
04465
03688
04376
05247
07553
00270
05612
06183
09009
01777
00061
00780
04911
00679
00055
02381
02474
01912
03811
01147
06523
00578
04538
05836
01399
08624
06465
03403
04385
07855
06530
02487
02152
01025
09006
03816
02249
08787
02975
08998
07002
00335
06932
08687
01953
08544
04067
09134
08057
05070
03215
02263
06425
08541
07049
04257
09507
08698
09477
05960
03370
01315
00572
08909
03950
06889
00043
09056
01805
04998
03815
01288
06639
03225
02870
02145
00358
03926
08411
01752
07989
02864
07450
04209
01061
05181
09004
04393
03716
02093
01242
01488
02537
01009
07108
09780
04961
06925
00584
05630
09546
02876
01767
00820
05235
00029
03498
00938
06016
05695
06423
01642
07518
05716
02620
07918
06531
07793
06950
02536
02296
07268
06122
07591
06309
03094
00266
00391
07339
05259
09307
04050
03023
09381
04134
07490
09243
05215
02244
06789
01088
04277
03383
07501
04595
06580
04617
07892
09607
01867
05364
03535
02680
00852
08210
04180
02730
03442
05561
06347
08733
03809
00808
05672
06394
03879
03597
09692
00239
04747
07625
08725
03572
04929
03655
05225
06770
03888
03612
06693
07457
07714
09437
07979
04653
05862
08352
07543
09142
02915
04127
07945
00635
06919
06759
08508
04510
00466
07372
07331
08593
04378
04775
01886
09544
04258
05928
00165
06658
05101
01101
03078
05210
04084
05603
04779
04246
04819
02334
08966
00890
05094
06544
09032
02584
02726
09153
03645
02219
04338
02528
07511
03825
04912
02126
05631
00992
05147
06912
00884
01209
08021
04840
01486
09314
07829
06828
07453
05961
08854
02123
05566
07210
00447
03694
09533
01665
08428
08801
08550
09719
09254
03767
02443
06845
08841
06930
02811
02795
09132
01884
08974
03387
08776
00494
03309
09579
08349
08408
03098
07923
01898
05894
08154
08131
07238
03102
00114
07083
03589
09621
09745
00949
06917
01735
07073
04304
03838
06547
00289
00456
03452
00694
05439
08813
02541
04384
01333
00918
01392
05168
04928
06090
04280
08610
05798
00715
03961
05847
07341
06349
02148
04284
09038
03640
05724
03763
03345
08613
04816
08455
07655
02887
00590
05415
00287
00917
08118
01430
04831
05264
01933
04525
07149
06976
00610
03238
04433
09193
03317
08393
08775
08050
08398
02173
01074
01415
08972
03766
07611
09585
00824
07044
04454
02291
05330
01773
07771
01139
03223
05498
05658
03373
04882
03482
05573
06448
03233
06411
05534
08371
01739
04566
07632
02521
01401
01650
08252
09504
01835
01499
07929
03568
08333
03083
08094
07790
06954
09264
06173
03508
03024
06429
08884
09208
03293
01292
08789
01688
04905
04846
03509
06519
04120
07933
01964
03055
08973
00924
01038
09206
00640
04573
05839
05596
05428
08145
03672
03503
08943
06319
02784
05551
08645
03402
09767
03190
09414
05889
04267
03366
00887
02223
03780
04677
02790
05433
00731
01113
08547
03115
01324
08763
06312
07897
03160
02789
05167
05107
08743
05459
08675
05042
05735
07792
09011
06037
00392
01266
07848
09657
07554
03994
09341
04190
03008
00728
03291
00787
01655
06857
04386
05506
05308
01945
04093
00517
08659
09215
07517
01866
09230
07023
01543
01383
00066
01701
00129
08116
03819
01208
09700
06463
06119
08588
00851
03129
04823
05231
04158
07726
03529
03758
00605
06825
03159
02478
05442
02943
05948
01652
02939
07458
08518
08182
09495
01771
07273
03072
02740
04191
03265
06826
08364
00672
08392
07783
03462
05913
05799
05996
09416
00372
04230
09782
05972
09077
09173
01451
09633
02894
04151
01789
03770
05254
04360
08873
09547
01689
06043
08685
02819
06061
02486
05947
00195
04113
04649
03606
04389
00794
00393
08886
04878
03186
07761
01100
01873
06026
02389
00908
04801
04502
01231
04488
05322
07864
04826
00718
07269
07802
01588
02568
06275
04958
08396
02955
08300
05734
08345
05020
07958
09117
04321
02909
08819
08621
08640
01318
08802
03047
07782
09068
09315
03633
05007
03285
04184
02872
