03978
08350
07066
03464
00553
08447
03080
01079
02576
00536
03993
05842
06428
07631
06667
09172
02813
07048
07463
04022
00343
03408
08719
00406
02115
03382
01982
00650
03635
05497
00900
00182
08122
01930
06314
07787
01342
09597
00687
03187
08171
03576
00693
03425
05438
07818
01513
07712
00314
04542
05187
00434
06810
03521
02566
09326
04738
09364
00724
01495
03267
08984
04644
06921
05332
00847
09189
00205
00361
00859
06480
00567
02614
03307
01027
00497
08445
06834
04624
04537
08338
08889
03621
05730
01145
03088
01552
01362
03044
00557
05193
07499
06243
00285
09343
05851
07594
02817
04897
05860
06336
00658
02034
09044
03001
08967
07358
03033
08316
00408
07242
05073
05852
05243
00799
04455
02944
07794
01251
06532
02597
08160
03310
06287
04671
01325
02699
09345
05748
02167
06154
05164
02954
09233
06660
04136
08944
06514
07025
03297
02638
09115
04547
02823
09237
05446
05879
02447
06933
05444
02969
00411
04587
07709
04290
09727
00596
02604
05763
08391
09339
00185
08592
09354
03153
03248
08155
00837
05830
04567
04630
05075
04982
01582
03698
02391
03893
06913
06424
05299
07074
06488
01615
08500
07218
00221
09790
06701
05313
09440
03690
03515
05912
03488
04758
08594
06986
02274
08774
00442
03270
02956
04163
01926
05311
06756
08382
05227
07548
03959
06918
04299
07607
08435
00194
05284
09802
01164
03483
03155
03619
03003
02141
06218
07603
04572
02750
08637
09407
06971
03067
00214
07948
05809
03322
01627
01979
04519
03989
06943
07362
09267
06706
04223
07214
07534
00405
04264
03527
02155
05827
08505
04625
06284
06872
08890
02791
02112
08960
01257
01666
09351
06815
00076
02542
06955
08992
06031
01940
06551
03429
07932
03396
05780
01316
08220
09031
02384
03220
00630
07347
08598
01418
02078
00173
05091
02127
08557
06727
06211
09403
08409
02136
05109
04108
01002
02285
06350
00036
03887
00956
05434
02994
05503
08559
07410
04795
03426
00301
06157
01377
01426
00848
06327
03806
09534
05778
05271
01881
08571
00521
01343
02941
08516
08166
06720
03764
02215
02262
06731
05188
04075
00001
03934
02359
03992
05413
02654
04952
02942
01090
06302
06371
03818
07825
03472
05654
03910
02628
02567
07736
04857
02040
03325
05314
05846
00276
06499
05621
00675
09347
06181
03211
09563
00079
00502
04410
01303
09417
06366
03851
07345
08948
04272
02904
07837
04936
02747
07878
08444
01400
03126
07774
00699
07015
06206
07609
07617
07717
07906
03002
00870
00222
08567
09392
05769
05155
08010
02415
02778
07777
08192
09436
01906
03138
04318
00002
00893
00063
07729
00838
01201
03311
05662
06751
01925
06618
05599
06516
00737
05663
01300
02717
01669
07477
06474
00313
06259
07957
04435
09328
07502
02737
08631
06305
05737
02188
01248
04568
01677
05824
00035
00764
08248
07042
01455
04142
01733
06549
03413
01480
02295
05702
00955
04847
03237
07187
00280
07629
04055
08206
01449
01611
08722
05144
09797
00766
04434
06062
00771
02100
04565
04683
07081
06227
04012
06365
07398
01571
06041
03287
03132
07652
07614
08439
07668
03897
09707
08734
02357
01196
09697
07161
06760
03507
03835
05648
03553
03914
03256
07123
00795
06193
07325
01024
06588
00045
08258
07201
04427
08030
07399
00663
09444
02646
08895
06079
08395
00149
00907
09002
05158
07294
03706
01885
04937
04941
06877
01705
02574
05310
08185
09673
01820
01833
07821
07246
08400
04529
05153
01037
05367
00327
01772
02967
04628
07696
09592
00387
00016
08069
03477
02423
08340
02511
09409
06670
00678
08617
01938
07230
06472
06439
02834
07905
04944
06489
06791
08233
03035
02004
02380
08319
09054
01295
08379
06235
09590
00833
05993
01712
07047
00092
01860
06323
05632
08536
08666
05406
08583
00049
08752
08024
07302
07096
07492
04079
00767
02963
01108
04735
06051
07289
07982
07212
05700
07496
01954
04045
06799
00940
07182
05646
07925
01569
01175
04724
04174
07996
02980
09753
02656
07494
08096
04535
01250
07539
02122
02952
02837
00304
04009
00363
01176
02276
00489
05539
01743
05261
03522
00484
08172
06910
08498
00664
02945
01246
06729
05906
09026
04528
09770
06664
07364
04943
00441
01791
02411
04509
06289
05135
00074
08700
00685
02991
01280
09577
05752
06120
07663
03906
00842
04409
09717
04806
02616
04591
07114
07038
02001
01783
05731
08574
03491
00936
03264
02940
05423
05875
05457
06520
05408
02431
05649
01359
01111
06333
09695
03178
07295
03790
07851
01989
04967
05240
04814
07838
00662
01614
07337
08488
05738
04923
00468
09785
09144
05585
05949
01568
07072
01419
01154
09743
01441
06004
00126
04899
04749
03955
03032
07812
07117
07255
02014
04640
05969
03615
09439
01595
05366
03500
07807
01871
09428
04048
07872
07090
06081
03714
01304
02183
01909
08358
02953
01030
07995
01416
06337
01822
07288
02504
01947
08857
09136
00629
04710
09287
06700
09096
01475
04320
04097
04979
04076
07840
06450
06542
02767
00613
04987
02822
01351
01035
08032
09511
01722
08432
02982
07811
00133
06190
04110
09404
09069
08047
00765
02533
02057
04540
01170
00545
06556
00951
07512
01620
02204
08076
06496
08022
05380
04478
07285
08023
01790
04336
02816
06512
03465
01531
00654
02810
02593
03662
05256
07969
02266
02114
02427
01153
02305
03833
06818
04627
08141
04240
00802
06641
06279
05758
04803
05645
09765
06144
02121
03226
04665
00367
08002
04155
05616
02405
06786
05150
03093
02925
04787
06802
08739
03660
09637
06509
07349
04428
03200
04918
08704
09396
03678
04858
01174
07157
02707
08824
05039
06185
02727
01903
06141
02094
08286
05711
09656
08004
06100
01966
06688
09382
08770
02174
08569
00839
00742
08749
00478
06801
08738
08669
01256
01360
02184
00156
07974
06214
04996
07516
07673
08481
03782
08287
01657
04046
01844
07383
04185
04291
09148
02990
05937
09202
05273
08448
00330
00117
07916
06458
03361
07394
02653
05315
08273
05516
05162
05481
01373
00236
06418
06736
00586
04169
05422
05680
03832
02071
02641
09649
05528
06625
06364
03136
08829
04482
00677
02818
05858
04621
07999
05514
09568
00154
00115
07963
01983
06244
06952
04059
03577
02047
07221
05529
04865
05556
09478
07504
09125
05399
04713
03634
05363
09724
02227
00183
00030
01832
09433
00657
09702
01674
08586
08900
03982
07525
08072
03870
00828
07299
03063
03468
03337
05402
08062
03006
08035
08736
00060
05037
03622
04833
00184
04369
02675
04705
01140
08702
01522
07876
07776
06554
06944
00225
02974
00713
05935
02570
09562
08880
06672
08090
08017
01589
03830
08680
08001
08759
06381
06848
04974
04903
09362
07313
01421
09716
02704
05376
01436
04359
07094
06281
01434
00935
08416
06199
02671
05557
01328
01863
08750
01073
08870
02369
07868
07378
01816
05885
06361
09803
06498
00053
02256
02354
06045
06072
02900
04924
01870
00396
01092
09327
00260
03796
01319
07279
07972
02053
01192
04891
05381
09457
02885
09119
06663
07966
05353
03513
09297
08438
06902
08781
04256
08059
05512
08175
04011
03749
07915
07386
02385
01109
09269
07557
00704
02287
08767
03300
07944
08187
08018
04521
08196
00145
09557
08803
01754
01602
03458
02609
07367
01240
04118
00647
07035
00069
03759
00026
02007
01452
05810
02514
04740
08088
08805
09192
08796
08241
00575
04489
00807
09073
05136
05921
09572
06113
00166
04807
03143
04420
04661
04476
02300
08434
05925
08741
02033
01641
04024
02702
06980
06410
04347
05395
00413
03792
06404
02168
01081
02999
06110
03850
06940
04440
09591
07359
08429
02862
08817
02125
04845
08126
03235
02199
07775
00178
03932
00680
02124
02850
02490
04610
09334
08262
06330
09611
08267
00163
00244
06835
04691
06467
08107
00268
06984
01740
00416
02491
00611
03768
06813
04054
03890
03066
02736
09025
02429
02224
02229
01485
03944
05289
07597
06698
04066
03227
00317
03151
07693
02808
09184
01921
09089
05640
03443
09049
08040
09772
07931
08491
05325
03671
03470
00942
06614
05634
01550
01751
04130
03320
09761
03742
00480
08144
01957
03217
05085
02030
04411
05826
02835
01371
06621
09596
05805
01946
02523
00994
03065
04375
09088
09421
03284
09445
04266
09758
04077
01220
05106
01181
06245
09503
04964
07028
05307
05173
01448
06307
06375
00960
00135
04597
03095
07852
06757
02627
06766
02358
02968
05895
06274
07133
03867
03822
08355
07198
04700
06535
09413
09726
05228
06521
01503
04839
03626
08951
06546
01064
01031
08095
04968
05916
01051
00560
05160
01388
03593
06253
05609
08549
02398
07412
08311
05012
08830
04999
00732
06904
09476
09309
03886
03486
08208
05494
08699
04835
09111
02362
00701
02186
06616
01769
05975
04201
09350
06313
02764
06809
00003
02608
04709
03901
04181
00751
02518
05954
02910
08834
03028
02875
04219
02549
06582
02800
05062
04504
02335
08938
03748
00826
03444
07001
09319
06563
07857
07396
08454
02003
07567
06792
01380
01347
03810
02753
00552
01166
09543
04345
01252
08323
02036
08014
01506
00963
08101
06459
06360
08045
05841
05370
06983
06212
05464
07134
06970
08205
08509
03534
02297
06457
03894
03556
07912
03263
04273
09513
08835
09226
00384
01823
06080
04886
01275
00705
01868
03319
08855
08668
06899
05152
06650
07959
03496
00883
04954
08271
05845
02344
08578
07877
00342
08918
09455
01834
03658
07389
07112
02782
02921
05036
09090
08301
05786
00556
03668
07256
01212
06508
02531
03286
09549
07881
03347
08778
05470
09277
06389
09715
06533
03524
06303
05756
08811
04774
08783
05901
06665
05451
04884
07540
01413
04087
07109
04761
07810
02920
05651
08337
06874
03380
07564
09318
00637
01515
09336
03352
00681
00112
07228
02803
01424
07062
03940
07315
09723
03545
04499
04972
04236
00498
09502
00976
03975
06115
01605
03985
04701
03585
04081
02329
00892
04753
03604
06032
01882
06407
02314
07222
06689
04830
03970
08977
03680
04563
00861
07610
09268
04939
03198
06470
01446
06893
08239
03266
04722
07075
09247
04633
04862
01795
09238
05297
04092
02507
07828
02643
01761
04734
06084
06794
05429
06888
02483
09781
08910
05728
02469
00999
00052
05175
01792
00958
07735
04061
00559
01296
04632
05239
03730
03116
09075
07830
07637
00779
05006
05437
00263
08125
07379
09689
01698
04593
01083
03542
08191
01877
07356
01851
09784
03684
06034
01138
03229
04453
07936
07975
03880
01484
05619
01501
03945
03276
01640
05951
03445
06071
05746
06776
07532
01003
02075
05118
00796
08195
09043
02395
00865
02254
05521
07804
09395
06715
01623
00825
04437
05694
03179
02682
08332
09655
06635
01935
04720
08485
03726
07951
02928
00939
07849
05892
06481
08527
02832
07421
03174
04788
08480
06545
00246
09276
00540
03210
07615
03873
01126
09793
00292
05303
05216
05840
06494
08507
01748
09708
00604
09787
01837
00973
00896
04898
08246
08414
06659
02025
05725
04626
08457
08553
08124
01596
00119
00744
07126
03221
00966
04608
09775
08634
06143
03647
07130
08290
05547
00599
08852
04217
01971
07796
04881
05121
03064
06773
00879
07452
02948
06596
03601
03837
03670
05653
06096
02006
03441
08790
02879
00198
02992
00651
09308
04152
04612
00362
01686
00632
09550
02468
03620
08238
00616
01007
00476
00235
09281
05562
03743
04364
09722
05884
09469
06687
03769
09725
08142
02957
02493
05083
00891
04745
00549
02575
08839
08344
04942
02796
04342
01048
01587
03603
05973
04559
01529
01803
05989
07679
01183
01990
05334
04117
07588
00011
06216
06655
01830
01948
04215
05823
00366
08308
04107
00576
01943
06539
08436
00186
03821
02041
06067
08105
03239
07176
07803
06543
04237
01293
05263
07204
08299
07704
01340
05795
01911
09551
03960
00321
06855
02972
02073
04938
07641
08397
04408
03489
00141
00676
01276
06595
00776
08083
09204
00108
06437
08117
00224
09300
09672
06597
07119
00923
03092
03683
01875
03981
07658
00933
00500
06049
01014
04922
08067
03365
05268
02361
06104
07701
05617
04934
04406
01135
07437
06196
04679
00569
05092
00846
09446
09748
03091
03701
06598
05848
05816
07303
03523
05294
02657
03997
02949
05788
05908
02673
06804
08875
02815
06225
09624
08612
08703
01112
07636
01821
05576
08353
00712
03943
08957
08109
06649
02997
07801
09423
01180
08260
04995
06456
07254
08019
09137
07688
08483
00653
07728
08346
04680
03999
04149
01284
02408
07781
07909
00841
05059
05690
00453
00920
05666
01114
08251
07360
03533
08302
08056
02599
00876
08539
03607
01746
07193
00164
04824
02602
07151
08908
07843
07080
04754
04678
03954
08917
09628
06506
06491
00333
03918
08130
06626
01258
00083
01549
04896
05220
04367
01709
07440
01908
02579
02460
00979
05416
04224
04990
05548
04175
08901
08430
02588
05306
04358
02153
00682
09273
03439
01458
03903
07800
05779
03722
01625
05613
03125
01888
02345
04083
02437
03599
07921
01435
06938
09713
06895
02364
09017
03930
00180
02221
00050
05032
00028
03016
00784
04623
08755
02481
06117
01226
00090
06095
02020
08628
03242
05611
03335
04792
00428
02333
04780
09378
01067
04327
01197
09499
03504
07621
00467
00778
02217
01710
00913
02919
08453
05221
08243
01840
05176
07479
04229
08114
07071
08063
05575
02503
02492
01021
08229
04405
02951
09510
02419
03846
02917
06431
03845
06829
06091
03124
02464
05475
00520
00801
09036
00888
04153
09677
09461
01309
02046
00912
09048
05808
06220
03254
02825
05929
06851
01763
00548
06513
08140
04486
02890
09293
07163
06402
03681
02677
03711
01368
08893
09415
04166
05270
07756
09652
06619
08452
01808
00970
01269
05207
00618
03371
08276
07155
01553
05067
06652
00730
08218
05761
04125
07277
04016
01320
07649
03949
07170
07718
09462
09528
04265
08412
04707
03931
02028
01802
04910
01828
09570
04763
01367
04796
00432
00535
03608
00927
02439
01271
09484
07898
00858
02293
01598
02705
04307
06604
00641
05936
03456
04776
05262
01578
09741
05886
06822
08306
08179
05974
08529
08112
05727
08861
08599
04105
02930
03110
07537
08274
00197
01350
05911
04520
02063
03381
01466
07403
09352
02402
03512
01012
06696
09311
05116
07407
04962
04584
00885
00495
00998
08367
06230
08916
01453
06497
03026
01322
07599
02720
00547
09299
03367
09754
00832
00530
02607
04685
08664
07220
06608
05693
06814
09774
08463
07646
03269
08039
03487
00929
04381
03172
02258
09584
04688
06179
09147
01015
00609
08162
06064
00555
00155
01934
01099
05371
06566
09176
03673
02979
02785
07186
08727
08806
07770
07842
08402
03700
05819
05483
03386
05208
07970
00113
02316
01221
05090
09680
03734
03476
05286
04126
07333
04259
07528
01893
00546
06633
08517
02228
00585
03702
05205
02110
07675
02520
05407
01167
08596
07493
06730
01716
07432
04442
07500
01285
00614
00082
08078
01387
05754
07572
01518
02154
01194
00564
04914
00099
02070
04451
02238
09168
07115
04177
07106
07798
00969
05199
01556
03539
07919
02605
09660
08923
00983
01056
00624
06562
09211
02846
08385
02129
07579
08000
00598
09519
06053
08138
04978
07665
04467
03580
00032
05957
01572
01082
07568
07986
05356
03290
07438
04202
08422
01279
05920
01149
05125
05587
09588
00208
08363
05898
03478
04085
03656
09387
00234
02698
06601
03618
07404
06383
04496
03558
08837
08079
09426
00668
01646
00756
07865
07164
05209
05542
06318
04927
04353
08899
06419
04981
00328
03082
04887
09786
06326
07844
00176
02546
06403
07084
02109
08061
05467
02426
02524
06237
09374
02696
00954
03137
01778
03761
08962
06623
05017
00805
00279
08656
07576
05828
04109
02343
09636
02946
09349
07497
03555
01232
07013
01001
01144
07231
03334
06040
00047
07590
07003
05874
03651
04601
03056
06975
06502
04721
06747
09072
00594
09050
09709
07040
02505
04577
08499
05456
04604
05499
04723
01670
08688
00089
04773
07434
08821
08828
09333
04239
01323
04684
09372
09661
07373
09532
07139
05324
07669
08647
07363
04750
03480
00734
07760
03327
02098
06134
02881
02754
06871
01694
04005
01719
09091
00791
08329
06466
03583
04765
07880
01345
04553
01512
08502
08638
09482
06198
09489
00707
06864
05720
03021
00866
08925
03776
05829
05274
06651
02144
07667
06788
08823
08486
07719
03245
03852
01924
00072
00103
06722
06630
06654
00386
07866
02444
04508
07879
06838
05003
05424
09146
03573
03843
07900
02294
02281
08761
05962
03298
05553
05532
06102
02268
07307
06568
01492
03868
00303
07613
02666
07291
02059
07455
08293
05843
09283
07235
01928
08253
01218
07884
07087
05831
00130
03296
08380
01621
01004
06964
08650
04400
04654
